#
# This file is create by LigBuilder/Cavity.
# It stores the parameters for the pocket atoms.
# Creation time: Sun Mar  4 14:32:02 2012
#
# 1st column: ID of the atom
# 2nd column: ID of the atom in the original PDB file
# 3rd column: atom type
# 4th column: X coordinate
# 5th column: Y coordinate
# 6th column: Z coordinate
# 7th column: vdw radius
# 8th column: atomic hydrophobic scale
# 9th column: H-bond character
# 10th column: H-bond root X coordinate
# 11th column: H-bond root Y coordinate
# 12th column: H-bond root Z coordinate
#
<Start>
<Atom_number> 120
  1     1  N.am   69.37   26.89   44.12  1.83  -0.10  -0.4157   P   69.80   26.92   43.22    0.00    0.00    0.00 0 1 0 0 1   -1   -1   -1
  2     5   C.3   69.75   26.52   46.56  1.94  -0.01  -0.2041   N    0.00    0.00    0.00    0.00    0.00    0.00 0 0 0 0 0   -1   -1   -1
  3     6   C.2   70.87   27.57   46.67  1.90  -0.03   0.7130   N    0.00    0.00    0.00    0.00    0.00    0.00 0 0 0 0 0   -1   -1   -1
  4     7   O.2   70.62   28.77   46.66  1.66  -0.40  -0.5931   P   70.43   29.75   46.64   -0.11   -0.01    0.99 2 0 1 0 2   -1   -1   -1
  5     8  N.am   72.10   27.09   46.81  1.83  -0.65  -0.9196   P   73.03   26.74   46.91    0.11    0.01   -0.99 0 2 0 2 2   -1   -1   -1
  6    37   C.2   69.82   32.19   46.78  1.90  -0.03   0.5973   N    0.00    0.00    0.00    0.00    0.00    0.00 0 0 0 0 0   -1   -1   -1
  7    38   O.2   69.81   33.41   46.63  1.66  -0.40  -0.5679   P   69.80   34.40   46.50    0.97    0.03    0.22 2 0 1 0 2   -1   -1   -1
  8    39   C.3   70.82   31.14   48.87  1.94   0.13   0.2985   N    0.00    0.00    0.00    0.00    0.00    0.00 0 0 0 0 0   -1   -1   -1
  9    40   C.3   71.71   32.35   49.06  1.94   0.53  -0.3192   N    0.00    0.00    0.00    0.00    0.00    0.00 0 0 0 0 0   -1   -1   -1
 10    51  N.am   70.07   31.35   45.79  1.83  -0.10  -0.4157   P   70.06   30.36   45.95    0.00    0.00    0.00 0 1 0 0 1   -1   -1   -1
 11    52   C.3   70.38   31.85   44.45  1.94  -0.31   0.0143   N    0.00    0.00    0.00    0.00    0.00    0.00 0 0 0 0 0   -1   -1   -1
 12    53   C.2   69.15   32.60   43.95  1.90  -0.03   0.5973   N    0.00    0.00    0.00    0.00    0.00    0.00 0 0 0 0 0   -1   -1   -1
 13    54   O.2   69.24   33.67   43.36  1.66  -0.40  -0.5679   P   69.31   34.54   42.87    0.06   -0.49   -0.87 2 0 1 0 2   -1   -1   -1
 14    55   C.3   70.67   30.71   43.47  1.94  -0.01  -0.2041   N    0.00    0.00    0.00    0.00    0.00    0.00 0 0 0 0 0   -1   -1   -1
 15    56   C.2   71.83   29.83   43.91  1.90  -0.03   0.7130   N    0.00    0.00    0.00    0.00    0.00    0.00 0 0 0 0 0   -1   -1   -1
 16    57   O.2   71.68   28.60   44.07  1.66  -0.40  -0.5931   P   71.56   27.62   44.20    0.24   -0.16   -0.96 2 0 1 0 2   -1   -1   -1
 17    58  N.am   73.00   30.44   44.09  1.83  -0.65  -0.9196   P   73.87   30.90   44.24   -0.24    0.16    0.96 0 2 0 2 2   -1   -1   -1
 18    87   C.2   67.56   36.36   45.83  1.90  -0.03   0.5973   N    0.00    0.00    0.00    0.00    0.00    0.00 0 0 0 0 0   -1   -1   -1
 19    88   O.2   67.07   37.45   45.54  1.66  -0.40  -0.5679   P   66.67   38.34   45.31    0.25    0.35    0.90 2 0 1 0 2   -1   -1   -1
 20   102  N.am   68.83   36.07   45.59  1.83  -0.10  -0.3479   P   69.18   35.16   45.83    0.00    0.00    0.00 0 1 0 0 1   -1   -1   -1
 21   103   C.3   69.73   37.05   44.99  1.94  -0.31  -0.2637   N    0.00    0.00    0.00    0.00    0.00    0.00 0 0 0 0 0   -1   -1   -1
 22   104   C.2   69.25   37.46   43.60  1.90  -0.03   0.7341   N    0.00    0.00    0.00    0.00    0.00    0.00 0 0 0 0 0   -1   -1   -1
 23   105   O.2   69.31   38.63   43.22  1.66  -0.40  -0.5894   P   69.36   39.58   42.91    0.92   -0.17   -0.37 2 0 1 0 2   -1   -1   -1
 24   106   C.3   71.15   36.47   44.90  1.94   0.36  -0.0007   N    0.00    0.00    0.00    0.00    0.00    0.00 0 0 0 0 0   -1   -1   -1
 25   107   C.3   71.72   36.19   46.26  1.94   0.36   0.0390   N    0.00    0.00    0.00    0.00    0.00    0.00 0 0 0 0 0   -1   -1   -1
 26   108   C.3   73.08   35.57   46.19  1.94  -0.14   0.0486   N    0.00    0.00    0.00    0.00    0.00    0.00 0 0 0 0 0   -1   -1   -1
 27   109 N.pl3   73.59   35.33   47.53  1.83  -0.10  -0.5295   P   73.23   35.89   48.27    0.00    0.00    0.00 0 1 0 1 1   -1   -1   -1
 28   110 C.cat   74.50   34.41   47.82  1.90   0.00   0.8076   N    0.00    0.00    0.00    0.00    0.00    0.00 0 0 0 0 0   -1   -1   -1
 29   111 N.pl3   74.89   34.27   49.08  1.83  -0.65  -0.8627   P   75.20   34.16   50.02   -0.73   -0.67    0.15 0 2 0 2 2   -1   -1   -1
 30   112 N.pl3   75.01   33.64   46.88  1.83  -0.65  -0.8627   P   75.39   33.06   46.16    0.73    0.67   -0.15 0 2 0 2 2   -1   -1   -1
 31   126  N.am   68.77   36.49   42.84  1.83  -0.10  -0.4157   P   68.75   35.55   43.19    0.00    0.00    0.00 0 1 0 0 1   -1   -1   -1
 32   127   C.3   68.28   36.78   41.52  1.94  -0.31  -0.0237   N    0.00    0.00    0.00    0.00    0.00    0.00 0 0 0 0 0   -1   -1   -1
 33   168   C.3   67.93   41.21   45.37  1.94   0.36  -0.0094   N    0.00    0.00    0.00    0.00    0.00    0.00 0 0 0 0 0   -1   -1   -1
 34   169   C.3   68.51   42.51   45.88  1.94   0.36   0.0187   N    0.00    0.00    0.00    0.00    0.00    0.00 0 0 0 0 0   -1   -1   -1
 35   186  N.am   68.10   41.34   42.18  1.83  -0.10  -0.4157   P   68.14   40.35   42.33    0.00    0.00    0.00 0 1 0 0 1   -1   -1   -1
 36   190   C.3   69.61   40.85   40.32  1.94   0.36  -0.1102   N    0.00    0.00    0.00    0.00    0.00    0.00 0 0 0 0 0   -1   -1   -1
 37   191   C.3   71.14   41.01   40.29  1.94   0.13   0.3531   N    0.00    0.00    0.00    0.00    0.00    0.00 0 0 0 0 0   -1   -1   -1
 38   192   C.3   71.59   42.09   41.28  1.94   0.53  -0.4121   N    0.00    0.00    0.00    0.00    0.00    0.00 0 0 0 0 0   -1   -1   -1
 39   193   C.3   71.81   39.67   40.61  1.94   0.53  -0.4121   N    0.00    0.00    0.00    0.00    0.00    0.00 0 0 0 0 0   -1   -1   -1
 40   969   C.2   70.89   23.67   44.11  1.90  -0.03   0.5973   N    0.00    0.00    0.00    0.00    0.00    0.00 0 0 0 0 0   -1   -1   -1
 41   973   C.3   71.62   20.38   42.48  1.94   0.53  -0.4121   N    0.00    0.00    0.00    0.00    0.00    0.00 0 0 0 0 0   -1   -1   -1
 42   986  N.am   72.17   23.89   44.39  1.83  -0.10  -0.4157   P   72.69   23.19   44.88    0.00    0.00    0.00 0 1 0 1 1   -1   -1   -1
 43   987   C.3   72.82   25.13   43.98  1.94  -0.31  -0.0249   N    0.00    0.00    0.00    0.00    0.00    0.00 0 0 0 0 0   -1   -1   -1
 44   988   C.2   73.21   25.14   42.50  1.90  -0.03   0.5973   N    0.00    0.00    0.00    0.00    0.00    0.00 0 0 0 0 0   -1   -1   -1
 45   989   O.2   73.47   24.10   41.92  1.66  -0.40  -0.5679   P   73.67   23.25   41.44   -0.97   -0.10   -0.23 2 0 1 0 2   -1   -1   -1
 46   990   C.3   74.07   25.35   44.83  1.94  -0.14   0.2117   N    0.00    0.00    0.00    0.00    0.00    0.00 0 0 0 0 0   -1   -1   -1
 47   991   O.3   75.07   24.42   44.46  1.74  -0.47  -0.6546   P   75.78   23.77   44.20   -0.49   -0.72    0.49 2 1 2 0 3   -1   -1   -1
 48   997  N.am   73.24   26.32   41.89  1.83  -0.10  -0.4157   P   72.96   27.13   42.41    0.00    0.00    0.00 0 1 0 0 1   -1   -1   -1
 49   998   C.3   73.64   26.47   40.50  1.94  -0.31  -0.0014   N    0.00    0.00    0.00    0.00    0.00    0.00 0 0 0 0 0   -1   -1   -1
 50   999   C.2   74.43   27.78   40.48  1.90  -0.03   0.5973   N    0.00    0.00    0.00    0.00    0.00    0.00 0 0 0 0 0   -1   -1   -1
 51  1000   O.2   74.44   28.50   41.48  1.66  -0.40  -0.5679   P   74.46   29.09   42.29    0.81   -0.48    0.33 2 0 2 0 2   -1   -1   -1
 52  1001   C.3   72.43   26.54   39.55  1.94  -0.01  -0.0152   N    0.00    0.00    0.00    0.00    0.00    0.00 0 0 0 0 0   -1   -1   -1
 53  1002  C.ar   71.40   27.61   39.90  1.85   0.30  -0.0011   N    0.00    0.00    0.00    0.00    0.00    0.00 0 0 0 0 0   -1   -1   -1
 54  1003  C.ar   71.65   28.95   39.64  1.85   0.34  -0.1906   N    0.00    0.00    0.00    0.00    0.00    0.00 0 0 0 0 0   -1   -1   -1
 55  1005  C.ar   70.71   29.94   39.97  1.85   0.34  -0.2341   N    0.00    0.00    0.00    0.00    0.00    0.00 0 0 0 0 0   -1   -1   -1
 56  1007  C.ar   69.51   29.58   40.57  1.85  -0.15   0.3226   N    0.00    0.00    0.00    0.00    0.00    0.00 0 0 0 0 0   -1   -1   -1
 57  1018  N.am   75.07   28.09   39.36  1.83  -0.10  -0.3479   P   75.05   27.47   38.58    0.00    0.00    0.00 0 1 0 0 1   -1   -1   -1
 58  1019   C.3   75.81   29.34   39.28  1.94  -0.31  -0.2400   N    0.00    0.00    0.00    0.00    0.00    0.00 0 0 0 0 0   -1   -1   -1
 59  1020   C.2   75.22   30.17   38.17  1.90  -0.03   0.7341   N    0.00    0.00    0.00    0.00    0.00    0.00 0 0 0 0 0   -1   -1   -1
 60  1021   O.2   74.68   29.61   37.22  1.66  -0.40  -0.5894   P   74.23   29.16   36.45   -0.87    0.02    0.49 2 0 0 0 2   -1   -1   -1
 61  1022   C.3   77.30   29.12   38.95  1.94   0.36  -0.0094   N    0.00    0.00    0.00    0.00    0.00    0.00 0 0 0 0 0   -1   -1   -1
 62  1023   C.3   78.01   27.99   39.65  1.94   0.36   0.0187   N    0.00    0.00    0.00    0.00    0.00    0.00 0 0 0 0 0   -1   -1   -1
 63  1024   C.3   79.02   27.42   38.69  1.94   0.36  -0.0479   N    0.00    0.00    0.00    0.00    0.00    0.00 0 0 0 0 0   -1   -1   -1
 64  1025   C.3   79.98   26.48   39.34  1.94  -0.14  -0.0143   N    0.00    0.00    0.00    0.00    0.00    0.00 0 0 0 0 0   -1   -1   -1
 65  1026   N.4   80.91   25.94   38.29  1.86  -2.00  -0.3854   P   81.52   25.59   37.59   -0.25   -0.93    0.25 0 3 0 3 3   -1   -1   -1
 66  1040  N.am   75.33   31.49   38.31  1.83  -0.10  -0.4157   P   75.75   31.86   39.14    0.00    0.00    0.00 0 1 0 1 1   -1   -1   -1
 67  1041   C.3   74.84   32.40   37.29  1.94  -0.31  -0.0024   N    0.00    0.00    0.00    0.00    0.00    0.00 0 0 0 0 0   -1   -1   -1
 68  1042   C.2   75.65   33.69   37.37  1.90  -0.03   0.5973   N    0.00    0.00    0.00    0.00    0.00    0.00 0 0 0 0 0   -1   -1   -1
 69  1043   O.2   76.21   34.01   38.40  1.66  -0.40  -0.5679   P   76.67   34.27   39.25    0.81   -0.52   -0.27 2 0 2 0 2   -1   -1   -1
 70  1044   C.3   73.34   32.71   37.48  1.94  -0.01  -0.0343   N    0.00    0.00    0.00    0.00    0.00    0.00 0 0 0 0 0   -1   -1   -1
 71  1045  C.ar   73.02   33.57   38.66  1.85   0.30   0.0118   N    0.00    0.00    0.00    0.00    0.00    0.00 0 0 0 0 0   -1   -1   -1
 72  1046  C.ar   72.88   33.02   39.92  1.85   0.34  -0.1256   N    0.00    0.00    0.00    0.00    0.00    0.00 0 0 0 0 0   -1   -1   -1
 73  1047  C.ar   72.81   34.94   38.51  1.85   0.34  -0.1256   N    0.00    0.00    0.00    0.00    0.00    0.00 0 0 0 0 0   -1   -1   -1
 74  1048  C.ar   72.53   33.81   41.00  1.85   0.34  -0.1704   N    0.00    0.00    0.00    0.00    0.00    0.00 0 0 0 0 0   -1   -1   -1
 75  1049  C.ar   72.45   35.74   39.58  1.85   0.34  -0.1704   N    0.00    0.00    0.00    0.00    0.00    0.00 0 0 0 0 0   -1   -1   -1
 76  1050  C.ar   72.31   35.19   40.83  1.85   0.34  -0.1072   N    0.00    0.00    0.00    0.00    0.00    0.00 0 0 0 0 0   -1   -1   -1
 77  1060  N.am   75.74   34.40   36.26  1.83  -0.10  -0.4157   P   75.30   34.07   35.42    0.00    0.00    0.00 0 1 0 0 1   -1   -1   -1
 78  1061   C.3   76.46   35.66   36.23  1.94  -0.31  -0.0249   N    0.00    0.00    0.00    0.00    0.00    0.00 0 0 0 0 0   -1   -1   -1
 79  1062   C.2   75.43   36.72   35.87  1.90  -0.03   0.5973   N    0.00    0.00    0.00    0.00    0.00    0.00 0 0 0 0 0   -1   -1   -1
 80  1063   O.2   74.34   36.40   35.39  1.66  -0.40  -0.5679   P   73.46   36.14   35.00   -0.38   -0.08    0.92 2 0 1 0 2   -1   -1   -1
 81  1064   C.3   77.58   35.63   35.18  1.94  -0.14   0.2117   N    0.00    0.00    0.00    0.00    0.00    0.00 0 0 0 0 0   -1   -1   -1
 82  1071  N.am   75.75   37.98   36.11  1.83  -0.10  -0.4157   P   76.63   38.21   36.52    0.00    0.00    0.00 0 1 0 1 1   -1   -1   -1
 83  1072   C.3   74.81   39.04   35.78  1.94  -0.31   0.0143   N    0.00    0.00    0.00    0.00    0.00    0.00 0 0 0 0 0   -1   -1   -1
 84  1073   C.2   75.51   40.32   35.40  1.90  -0.03   0.5973   N    0.00    0.00    0.00    0.00    0.00    0.00 0 0 0 0 0   -1   -1   -1
 85  1074   O.2   76.63   40.59   35.85  1.66  -0.40  -0.5679   P   77.53   40.81   36.21    0.42   -0.45   -0.79 2 0 2 0 2   -1   -1   -1
 86  1075   C.3   73.89   39.34   36.95  1.94  -0.01  -0.2041   N    0.00    0.00    0.00    0.00    0.00    0.00 0 0 0 0 0   -1   -1   -1
 87  1076   C.2   74.60   40.09   38.06  1.90  -0.03   0.7130   N    0.00    0.00    0.00    0.00    0.00    0.00 0 0 0 0 0   -1   -1   -1
 88  1077   O.2   75.30   39.49   38.85  1.66  -0.40  -0.5931   P   75.88   39.00   39.51    0.79    0.13   -0.60 2 0 2 0 2   -1   -1   -1
 89  1078  N.am   74.42   41.41   38.11  1.83  -0.65  -0.9196   P   74.29   42.40   38.14   -0.79   -0.13    0.60 0 2 0 1 2   -1   -1   -1
 90  1187   C.3   77.25   29.17   34.73  1.94   0.53  -0.1825   N    0.00    0.00    0.00    0.00    0.00    0.00 0 0 0 0 0   -1   -1   -1
 91  1193  N.am   77.17   27.34   32.29  1.83  -0.10  -0.3479   P   77.95   27.95   32.15    0.00    0.00    0.00 0 1 0 1 1   -1   -1   -1
 92  1194   C.3   77.21   26.00   31.73  1.94  -0.31  -0.2400   N    0.00    0.00    0.00    0.00    0.00    0.00 0 0 0 0 0   -1   -1   -1
 93  1195   C.2   77.35   25.08   32.94  1.90  -0.03   0.7341   N    0.00    0.00    0.00    0.00    0.00    0.00 0 0 0 0 0   -1   -1   -1
 94  1196   O.2   78.23   25.31   33.78  1.66  -0.40  -0.5894   P   78.95   25.49   34.46   -0.63    0.59    0.51 2 0 2 0 2   -1   -1   -1
 95  1197   C.3   78.42   25.85   30.82  1.94   0.36  -0.0094   N    0.00    0.00    0.00    0.00    0.00    0.00 0 0 0 0 0   -1   -1   -1
 96  1215  N.am   76.50   24.07   33.06  1.83  -0.10  -0.4157   P   75.81   23.93   32.34    0.00    0.00    0.00 0 1 0 1 1   -1   -1   -1
 97  1216   C.3   76.55   23.17   34.21  1.94  -0.31  -0.0031   N    0.00    0.00    0.00    0.00    0.00    0.00 0 0 0 0 0   -1   -1   -1
 98  1217   C.2   75.61   21.99   33.99  1.90  -0.03   0.5973   N    0.00    0.00    0.00    0.00    0.00    0.00 0 0 0 0 0   -1   -1   -1
 99  1218   O.2   74.94   21.90   32.96  1.66  -0.40  -0.5679   P   74.40   21.83   32.13    0.74   -0.51   -0.44 2 0 2 0 2   -1   -1   -1
100  1219   C.3   76.13   23.94   35.47  1.94   0.36  -0.0036   N    0.00    0.00    0.00    0.00    0.00    0.00 0 0 0 0 0   -1   -1   -1
101  1220   C.3   74.84   24.75   35.32  1.94  -0.01  -0.0645   N    0.00    0.00    0.00    0.00    0.00    0.00 0 0 0 0 0   -1   -1   -1
102  1221   C.2   74.69   25.86   36.36  1.90  -0.03   0.6951   N    0.00    0.00    0.00    0.00    0.00    0.00 0 0 0 0 0   -1   -1   -1
103  1222   O.2   75.09   25.71   37.52  1.66  -0.40  -0.6086   P   75.42   25.59   38.45    0.89    0.37   -0.26 2 0 1 0 2   -1   -1   -1
104  1223  N.am   74.09   26.98   35.95  1.83  -0.65  -0.9407   P   73.65   27.83   35.64   -0.89   -0.37    0.26 0 2 0 0 2   -1   -1   -1
105  1232  N.am   75.56   21.08   34.97  1.83  -0.10  -0.5163   P   76.14   21.21   35.77    0.00    0.00    0.00 0 1 0 0 1   -1   -1   -1
106  1233   C.3   74.69   19.90   34.92  1.94  -0.31   0.0381   N    0.00    0.00    0.00    0.00    0.00    0.00 0 0 0 0 0   -1   -1   -1
107  1234   C.2   73.29   20.26   34.39  1.90  -0.03   0.5366   N    0.00    0.00    0.00    0.00    0.00    0.00 0 0 0 0 0   -1   -1   -1
108  1235   O.2   72.81   21.38   34.59  1.66  -0.40  -0.5819   P   72.41   22.28   34.75    0.40    0.33   -0.86 2 0 1 0 2   -1   -1   -1
109  1236   C.3   74.55   19.29   36.32  1.94   0.01  -0.0303   N    0.00    0.00    0.00    0.00    0.00    0.00 0 0 0 0 0   -1   -1   -1
110  1237   C.2   75.83   19.37   37.13  1.90  -0.03   0.7994   N    0.00    0.00    0.00    0.00    0.00    0.00 0 0 0 0 0   -1   -1   -1
111  1238 O.co2   76.40   20.48   37.23  1.66  -0.88  -0.8014   P   76.86   21.37   37.32   -0.53    0.19    0.83 2 0 1 0 2   -1   -1   -1
112  1239 O.co2   76.28   18.32   37.66  1.66  -0.88  -0.8014   P   76.64   17.49   38.09    0.53   -0.19   -0.83 2 0 2 0 2   -1   -1   -1
113  1268   C.3   71.38   22.79   37.72  1.94  -0.31  -0.2637   N    0.00    0.00    0.00    0.00    0.00    0.00 0 0 0 0 0   -1   -1   -1
114  1271   C.3   72.89   22.78   37.95  1.94   0.36  -0.0007   N    0.00    0.00    0.00    0.00    0.00    0.00 0 0 0 0 0   -1   -1   -1
115  1272   C.3   73.34   22.02   39.18  1.94   0.36   0.0390   N    0.00    0.00    0.00    0.00    0.00    0.00 0 0 0 0 0   -1   -1   -1
116  1273   C.3   74.84   22.11   39.34  1.94  -0.14   0.0486   N    0.00    0.00    0.00    0.00    0.00    0.00 0 0 0 0 0   -1   -1   -1
117  1274 N.pl3   75.38   21.18   40.32  1.83  -0.10  -0.5295   P   76.09   20.55   40.03    0.00    0.00    0.00 0 1 0 1 1   -1   -1   -1
118  1275 C.cat   74.99   21.13   41.60  1.90   0.00   0.8076   N    0.00    0.00    0.00    0.00    0.00    0.00 0 0 0 0 0   -1   -1   -1
119  1276 N.pl3   74.05   21.95   42.04  1.83  -0.65  -0.8627   P   73.34   22.57   42.38   -0.70   -0.68   -0.22 0 2 0 2 2   -1   -1   -1
120  1277 N.pl3   75.56   20.27   42.43  1.83  -0.65  -0.8627   P   75.99   19.62   43.06    0.70    0.68    0.22 0 2 0 2 2   -1   -1   -1
<End>
