#***************************************
# Key Interaction Grid used in LigBuilder
#      Extracted by LigBuilder V3 User
#      Fri Oct 18 16:43:02 2019
#***************************************
POCKET_ATOM_FILE   1  receptor/1db4_pocket_1.txt
5  2748  0.220710
5  2749  0.220710
5  2759  0.220710
5  2760  0.220710
5  2767  0.220710
5  2768  0.220710
5  3251  0.220710
5  3252  0.220710
5  3269  0.220710
5  3270  0.220710
5  3271  0.220710
5  3272  0.220710
5  3284  0.220710
5  3285  0.220710
5  3286  0.220710
5  3287  0.220710
5  3288  0.220710
5  3296  0.220710
5  3297  0.220710
5  3298  0.220710
5  3299  0.220710
5  3305  0.220710
5  3306  0.220710
5  3307  0.220710
5  3785  0.220710
5  3786  0.220710
5  3787  0.220710
5  3788  0.220710
5  3808  0.220710
5  3809  0.220710
5  3810  0.220710
5  3811  0.220710
5  3812  0.220710
5  3813  0.220710
5  3829  0.220710
5  3830  0.220710
5  3831  0.220710
5  3832  0.220710
5  3833  0.220710
5  3834  0.220710
5  3847  0.220710
5  3848  0.220710
5  3849  0.220710
5  3850  0.220710
5  3851  0.220710
5  3852  0.220710
5  3861  0.220710
5  3862  0.220710
5  3863  0.220710
5  3864  0.220710
5  4333  0.220710
5  4334  0.220710
5  4335  0.220710
5  4336  0.220710
5  4357  0.220710
5  4358  0.220710
5  4359  0.220710
5  4360  0.220710
5  4361  0.220710
5  4362  0.220710
5  4381  0.220710
5  4382  0.220710
5  4383  0.220710
5  4384  0.220710
5  4385  0.220710
5  4386  0.220710
5  4402  0.220710
5  4403  0.220710
5  4404  0.220710
5  4405  0.220710
5  4406  0.220710
5  4407  0.220710
5  4419  0.220710
5  4420  0.220710
5  4421  0.220710
5  4422  0.220710
5  4430  0.220710
5  4431  0.220710
5  4869  0.220710
5  4870  0.220710
5  4871  0.220710
5  4872  0.220710
5  4893  0.220710
5  4894  0.220710
5  4895  0.220710
5  4896  0.220710
5  4897  0.220710
5  4916  0.220710
5  4917  0.220710
5  4918  0.220710
5  4919  0.220710
5  4920  0.220710
5  4921  0.220710
5  4940  0.220710
5  4941  0.220710
5  4942  0.220710
5  4943  0.220710
5  4944  0.220710
5  4960  0.220710
5  4961  0.220710
5  4962  0.220710
5  4963  0.220710
5  5416  0.220710
5  5417  0.220710
5  5418  0.220710
5  5419  0.220710
5  5439  0.220710
5  5440  0.220710
5  5441  0.220710
5  5442  0.220710
5  5462  0.220710
5  5463  0.220710
5  5464  0.220710
5  5465  0.220710
6  6798  0.204140
6  6799  0.204140
6  6817  0.204140
6  6818  0.204140
6  6819  0.204140
6  6820  0.204140
6  6837  0.204140
6  6838  0.204140
6  6839  0.204140
6  6859  0.204140
6  6860  0.204140
6  7172  0.204140
6  7173  0.204140
6  7189  0.204140
6  7190  0.204140
6  7191  0.204140
6  7192  0.204140
6  7207  0.204140
6  7208  0.204140
6  7209  0.204140
6  7210  0.204140
6  7211  0.204140
6  7227  0.204140
6  7228  0.204140
6  7229  0.204140
6  7230  0.204140
6  7231  0.204140
6  7248  0.204140
6  7249  0.204140
6  7250  0.204140
6  7251  0.204140
6  7536  0.204140
6  7537  0.204140
6  7538  0.204140
6  7539  0.204140
6  7553  0.204140
6  7554  0.204140
6  7555  0.204140
6  7556  0.204140
6  7557  0.204140
6  7571  0.204140
6  7572  0.204140
6  7573  0.204140
6  7574  0.204140
6  7575  0.204140
6  7576  0.204140
6  7590  0.204140
6  7591  0.204140
6  7592  0.204140
6  7593  0.204140
6  7594  0.204140
6  7595  0.204140
6  7609  0.204140
6  7610  0.204140
6  7611  0.204140
6  7612  0.204140
6  7613  0.204140
6  7628  0.204140
6  7629  0.204140
6  7630  0.204140
6  7854  0.204140
6  7855  0.204140
6  7856  0.204140
6  7857  0.204140
6  7870  0.204140
6  7871  0.204140
6  7872  0.447169
6  7873  0.447169
6  7874  0.447169
6  7888  0.204140
6  7889  0.447169
6  7890  0.447169
6  7891  0.447169
6  7892  0.447169
6  7893  0.204140
6  7906  0.204140
6  7907  0.447169
6  7908  0.447169
6  7909  0.447169
6  7910  0.447169
6  7911  0.204140
6  7923  0.204140
6  7924  0.204140
6  7925  0.447169
6  7926  0.447169
6  7927  0.204140
6  7941  0.204140
6  7942  0.204140
6  7943  0.204140
6  8129  0.447169
6  8130  0.447169
6  8144  0.447169
6  8145  0.447169
6  8146  0.447169
6  8147  0.447169
6  8148  0.217956
6  8149  0.217956
6  8160  0.447169
6  8161  0.447169
6  8162  0.447169
6  8163  0.447169
6  8164  0.665126
6  8165  0.460985
6  8166  0.217956
6  8178  0.447169
6  8179  0.447169
6  8180  0.447169
6  8181  0.447169
6  8182  0.665126
6  8183  0.460985
6  8184  0.217956
6  8185  0.217956
6  8196  0.447169
6  8197  0.447169
6  8198  0.447169
6  8199  0.665126
6  8200  0.217956
6  8201  0.217956
6  8213  0.243029
6  8214  0.243029
6  8397  0.243029
6  8398  0.243029
6  8399  0.243029
6  8400  0.243029
6  8401  0.217956
6  8412  0.243029
6  8413  0.243029
6  8414  0.447169
6  8415  0.447169
6  8416  0.460985
6  8417  0.460985
6  8418  0.217956
6  8419  0.217956
6  8429  0.243029
6  8430  0.447169
6  8431  0.447169
6  8432  0.665126
6  8433  0.460985
6  8434  0.460985
6  8435  0.217956
6  8436  0.217956
6  8446  0.243029
6  8447  0.447169
6  8448  0.447169
6  8449  0.665126
6  8450  0.460985
6  8451  0.460985
6  8452  0.217956
6  8453  0.217956
6  8464  0.243029
6  8465  0.243029
6  8466  0.460985
6  8467  0.460985
6  8468  0.460985
6  8469  0.217956
6  8470  0.217956
6  8481  0.243029
6  8482  0.243029
6  8483  0.460985
6  8484  0.217956
6  8485  0.217956
6  8636  0.243029
6  8637  0.243029
6  8638  0.460985
6  8639  0.217956
6  8640  0.217956
6  8649  0.243029
6  8650  0.243029
6  8651  0.460985
6  8652  0.460985
6  8653  0.460985
6  8654  0.217956
6  8655  0.217956
6  8664  0.243029
6  8665  0.243029
6  8666  0.243029
6  8667  0.460985
6  8668  0.460985
6  8669  0.460985
6  8670  0.217956
6  8671  0.217956
6  8672  0.217956
6  8680  0.243029
6  8681  0.243029
6  8682  0.243029
6  8683  0.460985
6  8684  0.460985
6  8685  0.460985
6  8686  0.217956
6  8687  0.217956
6  8688  0.217956
6  8696  0.243029
6  8697  0.243029
6  8698  0.460985
6  8699  0.460985
6  8700  0.460985
6  8701  0.217956
6  8702  0.217956
6  8712  0.243029
6  8713  0.243029
6  8714  0.217956
6  8715  0.217956
6  8716  0.217956
6  8717  0.217956
6  8852  0.217956
6  8853  0.217956
6  8861  0.243029
6  8862  0.243029
6  8863  0.460985
6  8864  0.460985
6  8865  0.217956
6  8866  0.217956
6  8867  0.217956
6  8875  0.243029
6  8876  0.243029
6  8877  0.460985
6  8878  0.460985
6  8879  0.217956
6  8880  0.217956
6  8881  0.217956
6  8890  0.243029
6  8891  0.243029
6  8892  0.460985
6  8893  0.460985
6  8894  0.217956
6  8895  0.217956
6  8896  0.217956
6  8897  0.217956
6  8904  0.243029
6  8905  0.243029
6  8906  0.460985
6  8907  0.460985
6  8908  0.217956
6  8909  0.217956
6  8910  0.217956
6  8920  0.217956
6  8921  0.217956
6  8922  0.217956
6  9054  0.217956
6  9055  0.217956
6  9056  0.217956
6  9065  0.243029
6  9066  0.460985
6  9067  0.217956
6  9068  0.217956
6  9069  0.217956
6  9070  0.217956
6  9079  0.243029
6  9080  0.460985
6  9081  0.217956
6  9082  0.217956
6  9083  0.217956
6  9084  0.217956
6  9094  0.217956
6  9095  0.217956
6  9096  0.217956
6  9097  0.217956
6  9107  0.217956
6  9237  0.217956
6  9238  0.217956
6  9249  0.217956
6  9250  0.217956
10  3739  0.328768
10  3765  0.328768
10  3766  0.328768
10  4258  0.328768
10  4259  0.328768
10  4260  0.328768
10  4283  0.328768
10  4284  0.328768
10  4285  0.328768
10  4286  0.328768
10  4287  0.328768
10  4310  0.328768
10  4311  0.328768
10  4312  0.328768
10  4313  0.328768
10  4314  0.328768
10  4337  0.328768
10  4338  0.328768
10  4339  0.328768
10  4340  0.328768
10  4363  0.328768
10  4773  0.328768
10  4774  0.328768
10  4796  0.328768
10  4797  0.328768
10  4798  0.328768
10  4799  0.328768
10  4800  0.328768
10  4821  0.328768
10  4822  0.328768
10  4823  0.328768
10  4824  0.328768
10  4825  0.328768
10  4826  0.328768
10  4847  0.328768
10  4848  0.328768
10  4849  0.328768
10  4850  0.328768
10  4851  0.328768
10  4852  0.328768
10  4872  0.328768
10  4873  0.328768
10  4874  0.328768
10  4875  0.328768
10  4876  0.328768
10  4897  0.328768
10  4898  0.328768
10  4899  0.328768
10  5300  0.328768
10  5301  0.328768
10  5302  0.328768
10  5323  0.328768
10  5324  0.328768
10  5325  0.328768
10  5326  0.328768
10  5327  0.328768
10  5347  0.328768
10  5348  0.328768
10  5349  0.328768
10  5350  0.328768
10  5351  0.328768
10  5352  0.328768
10  5372  0.328768
10  5373  0.328768
10  5374  0.328768
10  5375  0.328768
10  5376  0.328768
10  5377  0.328768
10  5396  0.328768
10  5397  0.328768
10  5398  0.328768
10  5399  0.328768
10  5400  0.328768
10  5420  0.328768
10  5421  0.328768
10  5422  0.328768
10  5423  0.328768
10  5816  0.328768
10  5837  0.328768
10  5838  0.328768
10  5839  0.328768
10  5840  0.328768
10  5859  0.328768
10  5860  0.328768
10  5861  0.328768
10  5862  0.328768
10  5863  0.328768
10  5883  0.328768
10  5884  0.328768
10  5885  0.328768
10  5886  0.328768
10  5887  0.328768
10  5888  0.328768
10  5906  0.328768
10  5907  0.328768
10  5908  0.328768
10  5909  0.328768
10  5910  0.328768
10  5929  0.328768
10  5930  0.328768
10  5931  0.328768
10  6323  0.328768
10  6324  0.328768
10  6342  0.328768
10  6343  0.328768
10  6344  0.328768
10  6345  0.328768
10  6365  0.328768
10  6366  0.328768
10  6367  0.328768
10  6368  0.328768
10  6387  0.328768
10  6388  0.328768
10  6389  0.328768
13  1278  0.568882
13  1279  0.568882
13  1289  0.568882
13  1507  0.568882
13  1515  0.568882
13  1516  0.568882
13  1517  0.568882
13  1518  0.568882
13  1529  0.568882
13  1530  0.568882
13  1531  0.568882
13  1543  0.568882
13  1544  0.568882
13  1545  0.568882
13  1557  0.568882
13  1558  0.568882
13  1806  0.568882
13  1807  0.568882
13  1808  0.568882
13  1809  0.568882
13  1810  0.568882
13  1819  0.568882
13  1820  0.568882
13  1821  0.568882
13  1822  0.568882
13  1823  0.568882
13  1834  0.568882
13  1835  0.568882
13  1836  0.568882
13  1837  0.568882
13  1838  0.568882
13  1851  0.568882
13  1852  0.568882
13  1853  0.568882
13  1854  0.568882
13  1867  0.568882
13  1868  0.568882
13  1869  0.568882
13  1883  0.568882
13  2165  0.568882
13  2166  0.568882
13  2167  0.568882
13  2168  0.568882
13  2180  0.568882
13  2181  0.568882
13  2182  0.568882
13  2183  0.568882
13  2184  0.568882
13  2197  0.568882
13  2198  0.568882
13  2199  0.568882
13  2200  0.568882
13  2201  0.568882
13  2202  0.568882
13  2216  0.568882
13  2217  0.568882
13  2218  0.568882
13  2219  0.568882
13  2220  0.568882
13  2234  0.568882
13  2235  0.568882
13  2236  0.568882
13  2237  0.568882
13  2584  0.568882
13  2585  0.568882
13  2586  0.568882
13  2601  0.568882
13  2602  0.568882
13  2603  0.568882
13  2604  0.568882
13  2621  0.568882
13  2622  0.568882
13  2623  0.568882
13  2624  0.568882
13  2625  0.568882
13  2643  0.568882
13  2644  0.568882
13  2645  0.568882
13  2646  0.568882
13  2663  0.568882
13  2664  0.568882
13  2665  0.568882
13  3098  0.568882
13  3099  0.568882
14  728  1.179798
14  732  1.179798
14  733  1.179798
14  866  1.179798
14  867  1.179798
14  875  1.179798
14  876  1.179798
14  877  1.179798
14  878  1.179798
14  880  1.179798
14  881  1.179798
14  882  1.179798
14  883  1.179798
14  884  1.179798
14  885  1.179798
14  886  1.179798
14  887  1.179798
14  1039  1.179798
14  1040  1.179798
14  1041  1.179798
14  1042  1.179798
14  1048  1.179798
14  1049  1.179798
14  1050  1.179798
14  1051  1.179798
14  1052  1.179798
14  1054  1.179798
14  1055  1.179798
14  1056  1.179798
14  1057  1.179798
14  1058  1.179798
14  1059  1.179798
14  1060  1.179798
14  1061  1.179798
14  1239  1.179798
14  1240  1.179798
14  1241  1.179798
14  1242  1.179798
14  1247  1.179798
14  1248  1.179798
14  1249  1.179798
14  1250  1.179798
14  1251  1.179798
14  1252  1.179798
14  1254  1.179798
14  1255  1.179798
14  1256  1.179798
14  1257  1.179798
14  1258  1.179798
14  1259  1.179798
14  1260  1.179798
14  1261  1.179798
14  1262  1.179798
14  1263  1.179798
14  1470  1.179798
14  1471  1.179798
14  1479  1.179798
14  1480  1.179798
14  1481  1.179798
14  1482  1.179798
14  1486  1.179798
14  1487  1.179798
14  1488  1.179798
14  1489  1.179798
14  1490  1.179798
14  1491  1.179798
14  1492  1.179798
14  1493  1.179798
14  1494  1.179798
14  1495  1.179798
14  1496  1.179798
14  1497  1.179798
14  1498  1.179798
14  1499  1.179798
14  1500  1.179798
14  1764  1.179798
14  1765  1.179798
14  1772  1.179798
14  1773  1.179798
14  1774  1.179798
14  1775  1.179798
14  1780  1.179798
14  1781  1.179798
14  1782  1.179798
14  1783  1.179798
14  1786  1.179798
14  1787  1.179798
POCKET_ATOM_FILE   2  receptor/1db4_pocket_1.txt
5  2748  0.220710
5  2749  0.220710
5  2759  0.220710
5  2760  0.220710
5  2767  0.220710
5  2768  0.220710
5  3251  0.220710
5  3252  0.220710
5  3269  0.220710
5  3270  0.220710
5  3271  0.220710
5  3272  0.220710
5  3284  0.220710
5  3285  0.220710
5  3286  0.220710
5  3287  0.220710
5  3288  0.220710
5  3296  0.220710
5  3297  0.220710
5  3298  0.220710
5  3299  0.220710
5  3305  0.220710
5  3306  0.220710
5  3307  0.220710
5  3785  0.220710
5  3786  0.220710
5  3787  0.220710
5  3788  0.220710
5  3808  0.220710
5  3809  0.220710
5  3810  0.220710
5  3811  0.220710
5  3812  0.220710
5  3813  0.220710
5  3829  0.220710
5  3830  0.220710
5  3831  0.220710
5  3832  0.220710
5  3833  0.220710
5  3834  0.220710
5  3847  0.220710
5  3848  0.220710
5  3849  0.220710
5  3850  0.220710
5  3851  0.220710
5  3852  0.220710
5  3861  0.220710
5  3862  0.220710
5  3863  0.220710
5  3864  0.220710
5  4333  0.220710
5  4334  0.220710
5  4335  0.220710
5  4336  0.220710
5  4357  0.220710
5  4358  0.220710
5  4359  0.220710
5  4360  0.220710
5  4361  0.220710
5  4362  0.220710
5  4381  0.220710
5  4382  0.220710
5  4383  0.220710
5  4384  0.220710
5  4385  0.220710
5  4386  0.220710
5  4402  0.220710
5  4403  0.220710
5  4404  0.220710
5  4405  0.220710
5  4406  0.220710
5  4407  0.220710
5  4419  0.220710
5  4420  0.220710
5  4421  0.220710
5  4422  0.220710
5  4430  0.220710
5  4431  0.220710
5  4869  0.220710
5  4870  0.220710
5  4871  0.220710
5  4872  0.220710
5  4893  0.220710
5  4894  0.220710
5  4895  0.220710
5  4896  0.220710
5  4897  0.220710
5  4916  0.220710
5  4917  0.220710
5  4918  0.220710
5  4919  0.220710
5  4920  0.220710
5  4921  0.220710
5  4940  0.220710
5  4941  0.220710
5  4942  0.220710
5  4943  0.220710
5  4944  0.220710
5  4960  0.220710
5  4961  0.220710
5  4962  0.220710
5  4963  0.220710
5  5416  0.220710
5  5417  0.220710
5  5418  0.220710
5  5419  0.220710
5  5439  0.220710
5  5440  0.220710
5  5441  0.220710
5  5442  0.220710
5  5462  0.220710
5  5463  0.220710
5  5464  0.220710
5  5465  0.220710
6  6798  0.204140
6  6799  0.204140
6  6817  0.204140
6  6818  0.204140
6  6819  0.204140
6  6820  0.204140
6  6837  0.204140
6  6838  0.204140
6  6839  0.204140
6  6859  0.204140
6  6860  0.204140
6  7172  0.204140
6  7173  0.204140
6  7189  0.204140
6  7190  0.204140
6  7191  0.204140
6  7192  0.204140
6  7207  0.204140
6  7208  0.204140
6  7209  0.204140
6  7210  0.204140
6  7211  0.204140
6  7227  0.204140
6  7228  0.204140
6  7229  0.204140
6  7230  0.204140
6  7231  0.204140
6  7248  0.204140
6  7249  0.204140
6  7250  0.204140
6  7251  0.204140
6  7536  0.204140
6  7537  0.204140
6  7538  0.204140
6  7539  0.204140
6  7553  0.204140
6  7554  0.204140
6  7555  0.204140
6  7556  0.204140
6  7557  0.204140
6  7571  0.204140
6  7572  0.204140
6  7573  0.204140
6  7574  0.204140
6  7575  0.204140
6  7576  0.204140
6  7590  0.204140
6  7591  0.204140
6  7592  0.204140
6  7593  0.204140
6  7594  0.204140
6  7595  0.204140
6  7609  0.204140
6  7610  0.204140
6  7611  0.204140
6  7612  0.204140
6  7613  0.204140
6  7628  0.204140
6  7629  0.204140
6  7630  0.204140
6  7854  0.204140
6  7855  0.204140
6  7856  0.204140
6  7857  0.204140
6  7870  0.204140
6  7871  0.204140
6  7872  0.447169
6  7873  0.447169
6  7874  0.447169
6  7888  0.204140
6  7889  0.447169
6  7890  0.447169
6  7891  0.447169
6  7892  0.447169
6  7893  0.204140
6  7906  0.204140
6  7907  0.447169
6  7908  0.447169
6  7909  0.447169
6  7910  0.447169
6  7911  0.204140
6  7923  0.204140
6  7924  0.204140
6  7925  0.447169
6  7926  0.447169
6  7927  0.204140
6  7941  0.204140
6  7942  0.204140
6  7943  0.204140
6  8129  0.447169
6  8130  0.447169
6  8144  0.447169
6  8145  0.447169
6  8146  0.447169
6  8147  0.447169
6  8148  0.217956
6  8149  0.217956
6  8160  0.447169
6  8161  0.447169
6  8162  0.447169
6  8163  0.447169
6  8164  0.665126
6  8165  0.460985
6  8166  0.217956
6  8178  0.447169
6  8179  0.447169
6  8180  0.447169
6  8181  0.447169
6  8182  0.665126
6  8183  0.460985
6  8184  0.217956
6  8185  0.217956
6  8196  0.447169
6  8197  0.447169
6  8198  0.447169
6  8199  0.665126
6  8200  0.217956
6  8201  0.217956
6  8213  0.243029
6  8214  0.243029
6  8397  0.243029
6  8398  0.243029
6  8399  0.243029
6  8400  0.243029
6  8401  0.217956
6  8412  0.243029
6  8413  0.243029
6  8414  0.447169
6  8415  0.447169
6  8416  0.460985
6  8417  0.460985
6  8418  0.217956
6  8419  0.217956
6  8429  0.243029
6  8430  0.447169
6  8431  0.447169
6  8432  0.665126
6  8433  0.460985
6  8434  0.460985
6  8435  0.217956
6  8436  0.217956
6  8446  0.243029
6  8447  0.447169
6  8448  0.447169
6  8449  0.665126
6  8450  0.460985
6  8451  0.460985
6  8452  0.217956
6  8453  0.217956
6  8464  0.243029
6  8465  0.243029
6  8466  0.460985
6  8467  0.460985
6  8468  0.460985
6  8469  0.217956
6  8470  0.217956
6  8481  0.243029
6  8482  0.243029
6  8483  0.460985
6  8484  0.217956
6  8485  0.217956
6  8636  0.243029
6  8637  0.243029
6  8638  0.460985
6  8639  0.217956
6  8640  0.217956
6  8649  0.243029
6  8650  0.243029
6  8651  0.460985
6  8652  0.460985
6  8653  0.460985
6  8654  0.217956
6  8655  0.217956
6  8664  0.243029
6  8665  0.243029
6  8666  0.243029
6  8667  0.460985
6  8668  0.460985
6  8669  0.460985
6  8670  0.217956
6  8671  0.217956
6  8672  0.217956
6  8680  0.243029
6  8681  0.243029
6  8682  0.243029
6  8683  0.460985
6  8684  0.460985
6  8685  0.460985
6  8686  0.217956
6  8687  0.217956
6  8688  0.217956
6  8696  0.243029
6  8697  0.243029
6  8698  0.460985
6  8699  0.460985
6  8700  0.460985
6  8701  0.217956
6  8702  0.217956
6  8712  0.243029
6  8713  0.243029
6  8714  0.217956
6  8715  0.217956
6  8716  0.217956
6  8717  0.217956
6  8852  0.217956
6  8853  0.217956
6  8861  0.243029
6  8862  0.243029
6  8863  0.460985
6  8864  0.460985
6  8865  0.217956
6  8866  0.217956
6  8867  0.217956
6  8875  0.243029
6  8876  0.243029
6  8877  0.460985
6  8878  0.460985
6  8879  0.217956
6  8880  0.217956
6  8881  0.217956
6  8890  0.243029
6  8891  0.243029
6  8892  0.460985
6  8893  0.460985
6  8894  0.217956
6  8895  0.217956
6  8896  0.217956
6  8897  0.217956
6  8904  0.243029
6  8905  0.243029
6  8906  0.460985
6  8907  0.460985
6  8908  0.217956
6  8909  0.217956
6  8910  0.217956
6  8920  0.217956
6  8921  0.217956
6  8922  0.217956
6  9054  0.217956
6  9055  0.217956
6  9056  0.217956
6  9065  0.243029
6  9066  0.460985
6  9067  0.217956
6  9068  0.217956
6  9069  0.217956
6  9070  0.217956
6  9079  0.243029
6  9080  0.460985
6  9081  0.217956
6  9082  0.217956
6  9083  0.217956
6  9084  0.217956
6  9094  0.217956
6  9095  0.217956
6  9096  0.217956
6  9097  0.217956
6  9107  0.217956
6  9237  0.217956
6  9238  0.217956
6  9249  0.217956
6  9250  0.217956
10  3739  0.328768
10  3765  0.328768
10  3766  0.328768
10  4258  0.328768
10  4259  0.328768
10  4260  0.328768
10  4283  0.328768
10  4284  0.328768
10  4285  0.328768
10  4286  0.328768
10  4287  0.328768
10  4310  0.328768
10  4311  0.328768
10  4312  0.328768
10  4313  0.328768
10  4314  0.328768
10  4337  0.328768
10  4338  0.328768
10  4339  0.328768
10  4340  0.328768
10  4363  0.328768
10  4773  0.328768
10  4774  0.328768
10  4796  0.328768
10  4797  0.328768
10  4798  0.328768
10  4799  0.328768
10  4800  0.328768
10  4821  0.328768
10  4822  0.328768
10  4823  0.328768
10  4824  0.328768
10  4825  0.328768
10  4826  0.328768
10  4847  0.328768
10  4848  0.328768
10  4849  0.328768
10  4850  0.328768
10  4851  0.328768
10  4852  0.328768
10  4872  0.328768
10  4873  0.328768
10  4874  0.328768
10  4875  0.328768
10  4876  0.328768
10  4897  0.328768
10  4898  0.328768
10  4899  0.328768
10  5300  0.328768
10  5301  0.328768
10  5302  0.328768
10  5323  0.328768
10  5324  0.328768
10  5325  0.328768
10  5326  0.328768
10  5327  0.328768
10  5347  0.328768
10  5348  0.328768
10  5349  0.328768
10  5350  0.328768
10  5351  0.328768
10  5352  0.328768
10  5372  0.328768
10  5373  0.328768
10  5374  0.328768
10  5375  0.328768
10  5376  0.328768
10  5377  0.328768
10  5396  0.328768
10  5397  0.328768
10  5398  0.328768
10  5399  0.328768
10  5400  0.328768
10  5420  0.328768
10  5421  0.328768
10  5422  0.328768
10  5423  0.328768
10  5816  0.328768
10  5837  0.328768
10  5838  0.328768
10  5839  0.328768
10  5840  0.328768
10  5859  0.328768
10  5860  0.328768
10  5861  0.328768
10  5862  0.328768
10  5863  0.328768
10  5883  0.328768
10  5884  0.328768
10  5885  0.328768
10  5886  0.328768
10  5887  0.328768
10  5888  0.328768
10  5906  0.328768
10  5907  0.328768
10  5908  0.328768
10  5909  0.328768
10  5910  0.328768
10  5929  0.328768
10  5930  0.328768
10  5931  0.328768
10  6323  0.328768
10  6324  0.328768
10  6342  0.328768
10  6343  0.328768
10  6344  0.328768
10  6345  0.328768
10  6365  0.328768
10  6366  0.328768
10  6367  0.328768
10  6368  0.328768
10  6387  0.328768
10  6388  0.328768
10  6389  0.328768
13  1278  0.568882
13  1279  0.568882
13  1289  0.568882
13  1507  0.568882
13  1515  0.568882
13  1516  0.568882
13  1517  0.568882
13  1518  0.568882
13  1529  0.568882
13  1530  0.568882
13  1531  0.568882
13  1543  0.568882
13  1544  0.568882
13  1545  0.568882
13  1557  0.568882
13  1558  0.568882
13  1806  0.568882
13  1807  0.568882
13  1808  0.568882
13  1809  0.568882
13  1810  0.568882
13  1819  0.568882
13  1820  0.568882
13  1821  0.568882
13  1822  0.568882
13  1823  0.568882
13  1834  0.568882
13  1835  0.568882
13  1836  0.568882
13  1837  0.568882
13  1838  0.568882
13  1851  0.568882
13  1852  0.568882
13  1853  0.568882
13  1854  0.568882
13  1867  0.568882
13  1868  0.568882
13  1869  0.568882
13  1883  0.568882
13  2165  0.568882
13  2166  0.568882
13  2167  0.568882
13  2168  0.568882
13  2180  0.568882
13  2181  0.568882
13  2182  0.568882
13  2183  0.568882
13  2184  0.568882
13  2197  0.568882
13  2198  0.568882
13  2199  0.568882
13  2200  0.568882
13  2201  0.568882
13  2202  0.568882
13  2216  0.568882
13  2217  0.568882
13  2218  0.568882
13  2219  0.568882
13  2220  0.568882
13  2234  0.568882
13  2235  0.568882
13  2236  0.568882
13  2237  0.568882
13  2584  0.568882
13  2585  0.568882
13  2586  0.568882
13  2601  0.568882
13  2602  0.568882
13  2603  0.568882
13  2604  0.568882
13  2621  0.568882
13  2622  0.568882
13  2623  0.568882
13  2624  0.568882
13  2625  0.568882
13  2643  0.568882
13  2644  0.568882
13  2645  0.568882
13  2646  0.568882
13  2663  0.568882
13  2664  0.568882
13  2665  0.568882
13  3098  0.568882
13  3099  0.568882
14  728  1.179798
14  732  1.179798
14  733  1.179798
14  866  1.179798
14  867  1.179798
14  875  1.179798
14  876  1.179798
14  877  1.179798
14  878  1.179798
14  880  1.179798
14  881  1.179798
14  882  1.179798
14  883  1.179798
14  884  1.179798
14  885  1.179798
14  886  1.179798
14  887  1.179798
14  1039  1.179798
14  1040  1.179798
14  1041  1.179798
14  1042  1.179798
14  1048  1.179798
14  1049  1.179798
14  1050  1.179798
14  1051  1.179798
14  1052  1.179798
14  1054  1.179798
14  1055  1.179798
14  1056  1.179798
14  1057  1.179798
14  1058  1.179798
14  1059  1.179798
14  1060  1.179798
14  1061  1.179798
14  1239  1.179798
14  1240  1.179798
14  1241  1.179798
14  1242  1.179798
14  1247  1.179798
14  1248  1.179798
14  1249  1.179798
14  1250  1.179798
14  1251  1.179798
14  1252  1.179798
14  1254  1.179798
14  1255  1.179798
14  1256  1.179798
14  1257  1.179798
14  1258  1.179798
14  1259  1.179798
14  1260  1.179798
14  1261  1.179798
14  1262  1.179798
14  1263  1.179798
14  1470  1.179798
14  1471  1.179798
14  1479  1.179798
14  1480  1.179798
14  1481  1.179798
14  1482  1.179798
14  1486  1.179798
14  1487  1.179798
14  1488  1.179798
14  1489  1.179798
14  1490  1.179798
14  1491  1.179798
14  1492  1.179798
14  1493  1.179798
14  1494  1.179798
14  1495  1.179798
14  1496  1.179798
14  1497  1.179798
14  1498  1.179798
14  1499  1.179798
14  1500  1.179798
14  1764  1.179798
14  1765  1.179798
14  1772  1.179798
14  1773  1.179798
14  1774  1.179798
14  1775  1.179798
14  1780  1.179798
14  1781  1.179798
14  1782  1.179798
14  1783  1.179798
14  1786  1.179798
14  1787  1.179798
