#
# This file is create by LigBuilder/Cavity.
# It stores the parameters for the pocket atoms.
# Creation time: Fri Mar 19 16:08:22 2021
#
# 1st column: ID of the atom
# 2nd column: ID of the atom in the original PDB file
# 3rd column: atom type
# 4th column: X coordinate
# 5th column: Y coordinate
# 6th column: Z coordinate
# 7th column: vdw radius
# 8th column: atomic hydrophobic scale
# 9th column: H-bond character
# 10th column: H-bond root X coordinate
# 11th column: H-bond root Y coordinate
# 12th column: H-bond root Z coordinate
#
<Start>
<Atom_number> 73
  1   851   C.3   24.46   39.96   80.42  1.94   0.53  -0.4121   N    0.00    0.00    0.00    0.00    0.00    0.00 0 0 0 0 0   -1   -1   -1
  2   889   C.3   22.78   37.13   75.63  1.94   0.36  -0.0007   N    0.00    0.00    0.00    0.00    0.00    0.00 0 0 0 0 0   -1   -1   -1
  3   890   C.3   23.83   37.92   76.40  1.94   0.36   0.0390   N    0.00    0.00    0.00    0.00    0.00    0.00 0 0 0 0 0   -1   -1   -1
  4   891   C.3   24.59   37.01   77.37  1.94  -0.14   0.0486   N    0.00    0.00    0.00    0.00    0.00    0.00 0 0 0 0 0   -1   -1   -1
  5   892 N.pl3   25.78   37.72   77.90  1.83  -0.10  -0.5295   P   26.01   38.61   77.50    0.00    0.00    0.00 0 1 0 0 1   -1   -1   -1
  6   893 C.cat   26.58   37.24   78.88  1.90   0.00   0.8076   N    0.00    0.00    0.00    0.00    0.00    0.00 0 0 0 0 0   -1   -1   -1
  7   894 N.pl3   26.29   36.05   79.43  1.83  -0.65  -0.8627   P   26.07   35.16   79.83    0.57   -0.45   -0.68 0 2 0 2 2   -1   -1   -1
  8   895 N.pl3   27.64   37.94   79.30  1.83  -0.65  -0.8627   P   28.43   38.47   79.62   -0.57    0.45    0.68 0 2 0 1 2   -1   -1   -1
  9  1845   O.2   26.36   47.44   77.86  1.66  -0.40  -0.5679   P   26.42   47.21   76.89    0.98   -0.18    0.10 2 0 1 0 2   -1   -1   -1
 10  1847  C.ar   29.02   49.06   79.06  1.90   0.01  -0.1415   N    0.00    0.00    0.00    0.00    0.00    0.00 0 0 0 0 0   -1   -1   -1
 11  1848  C.ar   29.61   49.92   78.21  1.90  -0.31  -0.1638   N    0.00    0.00    0.00    0.00    0.00    0.00 0 0 0 0 0   -1   -1   -1
 12  1849  C.ar   29.65   47.78   78.81  1.85   0.30   0.1243   N    0.00    0.00    0.00    0.00    0.00    0.00 0 0 0 0 0   -1   -1   -1
 13  1850  N.ar   30.56   49.29   77.43  1.87   0.55  -0.3418   P   31.13   49.72   76.73    0.00    0.00    0.00 0 1 0 0 1   -1   -1   -1
 14  1851  C.ar   30.58   47.95   77.81  1.85  -0.15   0.1380   N    0.00    0.00    0.00    0.00    0.00    0.00 0 0 0 0 0   -1   -1   -1
 15  1852  C.ar   29.43   46.53   79.40  1.85   0.34  -0.2387   N    0.00    0.00    0.00    0.00    0.00    0.00 0 0 0 0 0   -1   -1   -1
 16  1853  C.ar   31.38   46.91   77.32  1.85   0.34  -0.2601   N    0.00    0.00    0.00    0.00    0.00    0.00 0 0 0 0 0   -1   -1   -1
 17  1854  C.ar   30.23   45.50   78.90  1.85   0.34  -0.1972   N    0.00    0.00    0.00    0.00    0.00    0.00 0 0 0 0 0   -1   -1   -1
 18  1855  C.ar   31.17   45.65   77.89  1.85   0.34  -0.1134   N    0.00    0.00    0.00    0.00    0.00    0.00 0 0 0 0 0   -1   -1   -1
 19  1889   C.3   26.10   45.97   74.32  1.94  -0.31  -0.0389   N    0.00    0.00    0.00    0.00    0.00    0.00 0 0 0 0 0   -1   -1   -1
 20  1891   O.2   26.18   43.69   73.59  1.66  -0.40  -0.5679   P   26.73   42.96   73.18    0.32   -0.27    0.91 2 0 1 0 2   -1   -1   -1
 21  1892   C.3   27.48   45.81   74.99  1.94  -0.20   0.3654   N    0.00    0.00    0.00    0.00    0.00    0.00 0 0 0 0 0   -1   -1   -1
 22  1893   O.3   27.18   45.19   76.24  1.74  -0.47  -0.6761   P   26.97   44.75   77.11   -0.35    0.87    0.35 2 1 1 0 3   -1   -1   -1
 23  1894   C.3   28.10   47.15   75.38  1.94   0.53  -0.2438   N    0.00    0.00    0.00    0.00    0.00    0.00 0 0 0 0 0   -1   -1   -1
 24  1899   C.2   24.19   42.01   75.09  1.90  -0.03   0.5973   N    0.00    0.00    0.00    0.00    0.00    0.00 0 0 0 0 0   -1   -1   -1
 25  1900   O.2   24.30   40.90   74.57  1.66  -0.40  -0.5679   P   24.38   40.00   74.15    0.89    0.26   -0.38 2 0 2 0 2   -1   -1   -1
 26  1909  N.am   24.64   42.28   76.32  1.83  -0.10  -0.4157   P   24.57   43.20   76.69    0.00    0.00    0.00 0 1 0 0 1   -1   -1   -1
 27  1910   C.3   25.24   41.22   77.11  1.94  -0.30  -0.0252   N    0.00    0.00    0.00    0.00    0.00    0.00 0 0 0 0 0   -1   -1   -1
 28  1911   C.2   26.74   41.01   77.06  1.90  -0.03   0.5973   N    0.00    0.00    0.00    0.00    0.00    0.00 0 0 0 0 0   -1   -1   -1
 29  1912   O.2   27.22   39.95   77.46  1.66  -0.40  -0.5679   P   27.60   39.08   77.79   -0.08   -0.38   -0.92 2 0 0 0 2   -1   -1   -1
 30  1914  N.am   27.49   41.99   76.58  1.83  -0.10  -0.4157   P   27.08   42.84   76.25    0.00    0.00    0.00 0 1 0 0 1   -1   -1   -1
 31  1915   C.3   28.94   41.80   76.56  1.94  -0.31  -0.0249   N    0.00    0.00    0.00    0.00    0.00    0.00 0 0 0 0 0   -1   -1   -1
 32  1916   C.2   29.42   41.74   78.00  1.90  -0.03   0.5973   N    0.00    0.00    0.00    0.00    0.00    0.00 0 0 0 0 0   -1   -1   -1
 33  1917   O.2   28.73   42.21   78.91  1.66  -0.40  -0.5679   P   28.18   42.58   79.65   -0.46   -0.88    0.10 2 0 2 0 2   -1   -1   -1
 34  1918   C.3   29.63   42.96   75.82  1.94  -0.14   0.2117   N    0.00    0.00    0.00    0.00    0.00    0.00 0 0 0 0 0   -1   -1   -1
 35  1919   O.3   29.34   42.95   74.42  1.74  -0.47  -0.6546   P   29.14   42.95   73.44   -0.01   -1.00    0.01 2 1 2 0 3   -1   -1   -1
 36  1922  N.am   30.59   41.15   78.20  1.83  -0.10  -0.3479   P   31.08   40.77   77.41    0.00    0.00    0.00 0 1 0 1 1   -1   -1   -1
 37  1923   C.3   31.17   41.03   79.52  1.94  -0.31  -0.2400   N    0.00    0.00    0.00    0.00    0.00    0.00 0 0 0 0 0   -1   -1   -1
 38  1924   C.2   32.06   42.27   79.70  1.90  -0.03   0.7341   N    0.00    0.00    0.00    0.00    0.00    0.00 0 0 0 0 0   -1   -1   -1
 39  1925   O.2   32.86   42.60   78.82  1.66  -0.40  -0.5894   P   33.51   42.86   78.11   -0.71    0.55   -0.44 2 0 2 0 2   -1   -1   -1
 40  1926   C.3   32.01   39.74   79.62  1.94   0.36  -0.0094   N    0.00    0.00    0.00    0.00    0.00    0.00 0 0 0 0 0   -1   -1   -1
 41  1927   C.3   31.17   38.51   79.26  1.94   0.36   0.0187   N    0.00    0.00    0.00    0.00    0.00    0.00 0 0 0 0 0   -1   -1   -1
 42  1928   C.3   32.02   37.24   79.30  1.94   0.36  -0.0479   N    0.00    0.00    0.00    0.00    0.00    0.00 0 0 0 0 0   -1   -1   -1
 43  1929   C.3   32.34   36.84   80.74  1.94  -0.14  -0.0143   N    0.00    0.00    0.00    0.00    0.00    0.00 0 0 0 0 0   -1   -1   -1
 44  1930   N.4   33.07   35.56   80.77  1.86  -2.00  -0.3854   P   33.57   34.70   80.79   -0.66   -0.36    0.66 0 3 0 3 3   -1   -1   -1
 45  1935  N.am   31.90   42.99   80.83  1.83   0.08  -0.2548   N    0.00    0.00    0.00    0.00    0.00    0.00 0 0 0 0 0   -1   -1   -1
 46  1936   C.3   32.71   44.19   81.07  1.94  -0.31  -0.0266   N    0.00    0.00    0.00    0.00    0.00    0.00 0 0 0 0 0   -1   -1   -1
 47  1937   C.2   34.18   43.87   81.31  1.90  -0.03   0.5896   N    0.00    0.00    0.00    0.00    0.00    0.00 0 0 0 0 0   -1   -1   -1
 48  1938   O.2   34.51   42.94   82.04  1.66  -0.40  -0.5748   P   34.78   42.18   82.63   -0.01   -0.62   -0.79 2 0 2 0 2   -1   -1   -1
 49  1939   C.3   32.03   44.96   82.11  1.94   0.36  -0.0070   N    0.00    0.00    0.00    0.00    0.00    0.00 0 0 0 0 0   -1   -1   -1
 50  1940   C.3   31.11   43.98   82.81  1.94   0.36   0.0189   N    0.00    0.00    0.00    0.00    0.00    0.00 0 0 0 0 0   -1   -1   -1
 51  1941   C.3   31.00   42.74   81.93  1.94  -0.14   0.0192   N    0.00    0.00    0.00    0.00    0.00    0.00 0 0 0 0 0   -1   -1   -1
 52  1942  N.am   35.06   44.65   80.69  1.83  -0.10  -0.4157   P   35.73   45.23   80.23    0.00    0.00    0.00 0 1 0 1 1   -1   -1   -1
 53  1948  C.ar   35.33   46.01   83.77  1.85   0.34  -0.1906   N    0.00    0.00    0.00    0.00    0.00    0.00 0 0 0 0 0   -1   -1   -1
 54  1950  C.ar   34.80   47.21   84.30  1.85   0.34  -0.2341   N    0.00    0.00    0.00    0.00    0.00    0.00 0 0 0 0 0   -1   -1   -1
 55  1952  C.ar   35.33   48.46   83.90  1.85  -0.15   0.3226   N    0.00    0.00    0.00    0.00    0.00    0.00 0 0 0 0 0   -1   -1   -1
 56  1960   C.3   35.68   40.62   77.95  1.94   0.01  -0.0303   N    0.00    0.00    0.00    0.00    0.00    0.00 0 0 0 0 0   -1   -1   -1
 57  1961   C.2   35.73   39.12   77.61  1.90  -0.03   0.7994   N    0.00    0.00    0.00    0.00    0.00    0.00 0 0 0 0 0   -1   -1   -1
 58  1962 O.co2   35.58   38.26   78.49  1.66  -0.88  -0.8014   P   35.46   37.57   79.20   -0.99    0.00   -0.16 2 0 2 0 2   -1   -1   -1
 59  1963 O.co2   35.93   38.85   76.37  1.66  -0.88  -0.8014   P   36.09   38.65   75.40    0.99   -0.00    0.16 2 0 2 0 2   -1   -1   -1
 60  2021  N.am   34.93   51.53   80.55  1.83  -0.10  -0.4157   P   35.35   52.10   81.24    0.00    0.00    0.00 0 1 0 1 1   -1   -1   -1
 61  2022   C.3   34.31   50.69   79.54  1.94  -0.31  -0.0518   N    0.00    0.00    0.00    0.00    0.00    0.00 0 0 0 0 0   -1   -1   -1
 62  2023   C.2   34.05   51.55   78.31  1.90  -0.03   0.5973   N    0.00    0.00    0.00    0.00    0.00    0.00 0 0 0 0 0   -1   -1   -1
 63  2025   C.3   32.98   50.11   80.07  1.94   0.36  -0.1102   N    0.00    0.00    0.00    0.00    0.00    0.00 0 0 0 0 0   -1   -1   -1
 64  2026   C.3   33.11   49.08   81.19  1.94   0.13   0.3531   N    0.00    0.00    0.00    0.00    0.00    0.00 0 0 0 0 0   -1   -1   -1
 65  2027   C.3   31.75   48.81   81.85  1.94   0.53  -0.4121   N    0.00    0.00    0.00    0.00    0.00    0.00 0 0 0 0 0   -1   -1   -1
 66  2028   C.3   33.76   47.79   80.68  1.94   0.53  -0.4121   N    0.00    0.00    0.00    0.00    0.00    0.00 0 0 0 0 0   -1   -1   -1
 67  2030  N.am   34.20   50.98   77.10  1.83   0.08  -0.2548   N    0.00    0.00    0.00    0.00    0.00    0.00 0 0 0 0 0   -1   -1   -1
 68  2031   C.3   33.99   51.70   75.83  1.94  -0.31  -0.0266   N    0.00    0.00    0.00    0.00    0.00    0.00 0 0 0 0 0   -1   -1   -1
 69  2032   C.2   32.54   51.99   75.46  1.90  -0.03   0.5896   N    0.00    0.00    0.00    0.00    0.00    0.00 0 0 0 0 0   -1   -1   -1
 70  2033   O.2   31.62   51.31   75.90  1.66  -0.40  -0.5748   P   30.87   50.75   76.26    0.08   -0.61   -0.79 2 0 1 0 2   -1   -1   -1
 71  2034   C.3   34.69   50.96   74.80  1.94   0.36  -0.0070   N    0.00    0.00    0.00    0.00    0.00    0.00 0 0 0 0 0   -1   -1   -1
 72  2035   C.3   34.89   49.56   75.36  1.94   0.36   0.0189   N    0.00    0.00    0.00    0.00    0.00    0.00 0 0 0 0 0   -1   -1   -1
 73  2036   C.3   34.63   49.62   76.85  1.94  -0.14   0.0192   N    0.00    0.00    0.00    0.00    0.00    0.00 0 0 0 0 0   -1   -1   -1
<End>
