#
# This file is create by LigBuilder/Cavity.
# It stores the parameters for the pocket atoms.
# Creation time: Fri Mar 19 16:08:19 2021
#
# 1st column: ID of the atom
# 2nd column: ID of the atom in the original PDB file
# 3rd column: atom type
# 4th column: X coordinate
# 5th column: Y coordinate
# 6th column: Z coordinate
# 7th column: vdw radius
# 8th column: atomic hydrophobic scale
# 9th column: H-bond character
# 10th column: H-bond root X coordinate
# 11th column: H-bond root Y coordinate
# 12th column: H-bond root Z coordinate
#
<Start>
<Atom_number> 71
  1   386   C.2   21.14   28.35   99.08  1.90  -0.03   0.5366   N    0.00    0.00    0.00    0.00    0.00    0.00 0 0 0 0 0   -1   -1   -1
  2   387   O.2   21.95   28.29   98.15  1.66  -0.40  -0.5819   P   22.61   28.24   97.40   -0.32    0.88   -0.34 2 0 1 0 2   -1   -1   -1
  3   389   C.3   20.18   25.58  100.04  1.94  -0.01   0.0136   N    0.00    0.00    0.00    0.00    0.00    0.00 0 0 0 0 0   -1   -1   -1
  4   391 O.co2   20.19   23.35  100.93  1.66  -0.88  -0.8188   P   20.32   22.78  101.74   -0.97    0.09    0.22 2 0 1 0 2   -1   -1   -1
  5   394  N.am   21.42   28.91  100.25  1.83  -0.10  -0.4157   P   20.72   28.94  100.97    0.00    0.00    0.00 0 1 0 0 1   -1   -1   -1
  6   395   C.3   22.73   29.47  100.52  1.94  -0.31  -0.0518   N    0.00    0.00    0.00    0.00    0.00    0.00 0 0 0 0 0   -1   -1   -1
  7   396   C.2   23.78   28.40  100.79  1.90  -0.03   0.5973   N    0.00    0.00    0.00    0.00    0.00    0.00 0 0 0 0 0   -1   -1   -1
  8   397   O.2   23.46   27.30  101.24  1.66  -0.40  -0.5679   P   23.20   26.40  101.59   -0.12   -0.34   -0.93 2 0 2 0 2   -1   -1   -1
  9   398   C.3   22.66   30.45  101.71  1.94   0.36  -0.1102   N    0.00    0.00    0.00    0.00    0.00    0.00 0 0 0 0 0   -1   -1   -1
 10   399   C.3   21.73   31.65  101.54  1.94   0.13   0.3531   N    0.00    0.00    0.00    0.00    0.00    0.00 0 0 0 0 0   -1   -1   -1
 11   400   C.3   21.87   32.63  102.71  1.94   0.53  -0.4121   N    0.00    0.00    0.00    0.00    0.00    0.00 0 0 0 0 0   -1   -1   -1
 12   401   C.3   21.96   32.33  100.19  1.94   0.53  -0.4121   N    0.00    0.00    0.00    0.00    0.00    0.00 0 0 0 0 0   -1   -1   -1
 13   403  N.am   25.03   28.74  100.51  1.83  -0.10  -0.3479   P   25.20   29.66  100.15    0.00    0.00    0.00 0 1 0 0 1   -1   -1   -1
 14   404   C.3   26.18   27.85  100.69  1.94  -0.31  -0.2637   N    0.00    0.00    0.00    0.00    0.00    0.00 0 0 0 0 0   -1   -1   -1
 15   405   C.2   25.98   26.89  101.86  1.90  -0.03   0.7341   N    0.00    0.00    0.00    0.00    0.00    0.00 0 0 0 0 0   -1   -1   -1
 16   406   O.2   26.13   25.67  101.71  1.66  -0.40  -0.5894   P   26.25   24.69  101.58   -0.97   -0.09   -0.24 2 0 2 0 2   -1   -1   -1
 17   407   C.3   27.45   28.68  100.93  1.94   0.36  -0.0007   N    0.00    0.00    0.00    0.00    0.00    0.00 0 0 0 0 0   -1   -1   -1
 18   408   C.3   27.40   29.39  102.29  1.94   0.36   0.0390   N    0.00    0.00    0.00    0.00    0.00    0.00 0 0 0 0 0   -1   -1   -1
 19   409   C.3   26.24   30.39  102.34  1.94  -0.14   0.0486   N    0.00    0.00    0.00    0.00    0.00    0.00 0 0 0 0 0   -1   -1   -1
 20   410 N.pl3   25.82   30.60  103.74  1.83  -0.10  -0.5295   P   24.87   30.38  103.98    0.00    0.00    0.00 0 1 0 1 1   -1   -1   -1
 21   411 C.cat   26.62   31.08  104.71  1.90   0.00   0.8076   N    0.00    0.00    0.00    0.00    0.00    0.00 0 0 0 0 0   -1   -1   -1
 22   412 N.pl3   27.89   31.39  104.41  1.83  -0.65  -0.8627   P   28.83   31.62  104.19   -0.28    0.93   -0.23 0 2 0 2 2   -1   -1   -1
 23   413 N.pl3   26.16   31.24  105.96  1.83  -0.65  -0.8627   P   25.81   31.36  106.89    0.28   -0.93    0.23 0 2 0 2 2   -1   -1   -1
 24   475   C.3   19.37   36.32  108.94  1.94  -0.31  -0.0597   N    0.00    0.00    0.00    0.00    0.00    0.00 0 0 0 0 0   -1   -1   -1
 25   476   C.2   17.89   36.63  108.80  1.90  -0.03   0.5973   N    0.00    0.00    0.00    0.00    0.00    0.00 0 0 0 0 0   -1   -1   -1
 26   477   O.2   17.47   37.22  107.81  1.66  -0.40  -0.5679   P   17.12   37.69  107.00   -0.15   -0.88   -0.45 2 0 1 0 2   -1   -1   -1
 27   478   C.3   19.58   34.82  108.66  1.94   0.13   0.1303   N    0.00    0.00    0.00    0.00    0.00    0.00 0 0 0 0 0   -1   -1   -1
 28   479   C.3   21.07   34.46  108.70  1.94   0.36  -0.0430   N    0.00    0.00    0.00    0.00    0.00    0.00 0 0 0 0 0   -1   -1   -1
 29   480   C.3   18.94   34.42  107.33  1.94   0.53  -0.3204   N    0.00    0.00    0.00    0.00    0.00    0.00 0 0 0 0 0   -1   -1   -1
 30   481   C.3   21.28   32.97  108.42  1.94   0.53  -0.0660   N    0.00    0.00    0.00    0.00    0.00    0.00 0 0 0 0 0   -1   -1   -1
 31   483  N.am   17.11   36.25  109.81  1.83  -0.10  -0.4157   P   17.51   35.77  110.59    0.00    0.00    0.00 0 1 0 1 1   -1   -1   -1
 32   484   C.3   15.68   36.51  109.78  1.94  -0.31  -0.0518   N    0.00    0.00    0.00    0.00    0.00    0.00 0 0 0 0 0   -1   -1   -1
 33   490   C.3   13.73   34.23  109.50  1.94   0.53  -0.4121   N    0.00    0.00    0.00    0.00    0.00    0.00 0 0 0 0 0   -1   -1   -1
 34   676   C.3   15.28   33.11  105.93  1.94   0.53  -0.0660   N    0.00    0.00    0.00    0.00    0.00    0.00 0 0 0 0 0   -1   -1   -1
 35   680   C.2   14.35   27.79  106.03  1.90  -0.03   0.5973   N    0.00    0.00    0.00    0.00    0.00    0.00 0 0 0 0 0   -1   -1   -1
 36   681   O.2   15.36   27.72  105.34  1.66  -0.40  -0.5679   P   16.19   27.66  104.78    0.10    0.99    0.05 2 0 1 0 2   -1   -1   -1
 37   688  N.am   14.38   27.72  107.36  1.83  -0.10  -0.4157   P   13.52   27.76  107.87    0.00    0.00    0.00 0 1 0 1 1   -1   -1   -1
 38   689   C.3   15.63   27.58  108.07  1.94  -0.31  -0.0518   N    0.00    0.00    0.00    0.00    0.00    0.00 0 0 0 0 0   -1   -1   -1
 39   690   C.2   15.93   26.18  108.60  1.90  -0.03   0.5973   N    0.00    0.00    0.00    0.00    0.00    0.00 0 0 0 0 0   -1   -1   -1
 40   691   O.2   15.87   25.94  109.80  1.66  -0.40  -0.5679   P   15.81   25.75  110.78   -0.95   -0.29   -0.11 2 0 2 0 2   -1   -1   -1
 41   692   C.3   15.67   28.60  109.23  1.94   0.36  -0.1102   N    0.00    0.00    0.00    0.00    0.00    0.00 0 0 0 0 0   -1   -1   -1
 42   693   C.3   15.60   30.07  108.82  1.94   0.13   0.3531   N    0.00    0.00    0.00    0.00    0.00    0.00 0 0 0 0 0   -1   -1   -1
 43   695   C.3   16.80   30.47  107.96  1.94   0.53  -0.4121   N    0.00    0.00    0.00    0.00    0.00    0.00 0 0 0 0 0   -1   -1   -1
 44   697  N.am   16.31   25.26  107.72  1.83  -0.10  -0.4157   P   16.37   25.50  106.75    0.00    0.00    0.00 0 1 0 1 1   -1   -1   -1
 45   698   C.3   16.64   23.90  108.15  1.94  -0.31  -0.0389   N    0.00    0.00    0.00    0.00    0.00    0.00 0 0 0 0 0   -1   -1   -1
 46   699   C.2   18.14   23.84  108.38  1.90  -0.03   0.5973   N    0.00    0.00    0.00    0.00    0.00    0.00 0 0 0 0 0   -1   -1   -1
 47   700   O.2   18.70   24.74  109.01  1.66  -0.40  -0.5679   P   19.16   25.46  109.52   -0.15   -0.50    0.85 2 0 2 0 2   -1   -1   -1
 48   701   C.3   16.27   22.86  107.07  1.94  -0.20   0.3654   N    0.00    0.00    0.00    0.00    0.00    0.00 0 0 0 0 0   -1   -1   -1
 49   702   O.3   17.23   23.08  106.04  1.74  -0.47  -0.6761   P   17.90   23.23  105.31    0.11   -0.99   -0.11 2 1 1 0 3   -1   -1   -1
 50   706  N.am   18.78   22.79  107.88  1.83  -0.10  -0.4157   P   18.27   22.09  107.39    0.00    0.00    0.00 0 1 0 1 1   -1   -1   -1
 51   707   C.3   20.23   22.66  108.03  1.94  -0.31  -0.0249   N    0.00    0.00    0.00    0.00    0.00    0.00 0 0 0 0 0   -1   -1   -1
 52   708   C.2   20.85   23.85  107.31  1.90  -0.03   0.5973   N    0.00    0.00    0.00    0.00    0.00    0.00 0 0 0 0 0   -1   -1   -1
 53   709   O.2   21.90   24.35  107.69  1.66  -0.40  -0.5679   P   22.76   24.76  107.99    0.51   -0.63   -0.59 2 0 2 0 2   -1   -1   -1
 54   710   C.3   20.73   21.36  107.37  1.94  -0.14   0.2117   N    0.00    0.00    0.00    0.00    0.00    0.00 0 0 0 0 0   -1   -1   -1
 55   711   O.3   20.04   20.21  107.86  1.74  -0.47  -0.6546   P   19.56   19.41  108.21   -0.57    0.59    0.57 2 1 2 1 3   -1   -1   -1
 56   714  N.am   20.16   24.28  106.26  1.83  -0.10  -0.4157   P   19.31   23.81  106.01    0.00    0.00    0.00 0 1 0 0 1   -1   -1   -1
 57   715   C.3   20.60   25.42  105.46  1.94  -0.31  -0.0389   N    0.00    0.00    0.00    0.00    0.00    0.00 0 0 0 0 0   -1   -1   -1
 58   716   C.2   19.48   26.44  105.41  1.90  -0.03   0.5973   N    0.00    0.00    0.00    0.00    0.00    0.00 0 0 0 0 0   -1   -1   -1
 59   717   O.2   18.36   26.20  105.89  1.66  -0.40  -0.5679   P   17.46   26.01  106.28    0.30    0.38    0.88 2 0 1 0 2   -1   -1   -1
 60   718   C.3   20.92   25.01  104.01  1.94  -0.20   0.3654   N    0.00    0.00    0.00    0.00    0.00    0.00 0 0 0 0 0   -1   -1   -1
 61   719   O.3   19.66   24.60  103.48  1.74  -0.47  -0.6761   P   18.77   24.32  103.11   -0.44    0.78    0.44 2 1 2 0 3   -1   -1   -1
 62   720   C.3   21.78   23.75  103.93  1.94   0.53  -0.2438   N    0.00    0.00    0.00    0.00    0.00    0.00 0 0 0 0 0   -1   -1   -1
 63   723  N.am   19.77   27.59  104.81  1.83  -0.10  -0.4157   P   20.70   27.72  104.45    0.00    0.00    0.00 0 1 0 1 1   -1   -1   -1
 64   724   C.3   18.80   28.65  104.67  1.94  -0.31  -0.0875   N    0.00    0.00    0.00    0.00    0.00    0.00 0 0 0 0 0   -1   -1   -1
 65   725   C.2   18.30   28.68  103.23  1.90  -0.03   0.5973   N    0.00    0.00    0.00    0.00    0.00    0.00 0 0 0 0 0   -1   -1   -1
 66   726   O.2   19.09   28.73  102.29  1.66  -0.40  -0.5679   P   19.73   28.77  101.52    0.05   -1.00   -0.01 2 0 1 0 2   -1   -1   -1
 67   727   C.3   19.42   30.00  105.04  1.94   0.13   0.2985   N    0.00    0.00    0.00    0.00    0.00    0.00 0 0 0 0 0   -1   -1   -1
 68   728   C.3   20.82   30.15  104.43  1.94   0.53  -0.3192   N    0.00    0.00    0.00    0.00    0.00    0.00 0 0 0 0 0   -1   -1   -1
 69   729   C.3   18.52   31.16  104.61  1.94   0.53  -0.3192   N    0.00    0.00    0.00    0.00    0.00    0.00 0 0 0 0 0   -1   -1   -1
 70   731  N.am   16.99   28.62  103.06  1.83  -0.10  -0.4157   P   16.39   28.55  103.86    0.00    0.00    0.00 0 1 0 0 1   -1   -1   -1
 71  1502   C.3   25.75   35.02  103.73  1.94   0.53  -0.4121   N    0.00    0.00    0.00    0.00    0.00    0.00 0 0 0 0 0   -1   -1   -1
<End>
