#
# This file is create by LigBuilder/Cavity.
# It stores the parameters for the pocket atoms.
# Creation time: Fri Mar 19 16:08:24 2021
#
# 1st column: ID of the atom
# 2nd column: ID of the atom in the original PDB file
# 3rd column: atom type
# 4th column: X coordinate
# 5th column: Y coordinate
# 6th column: Z coordinate
# 7th column: vdw radius
# 8th column: atomic hydrophobic scale
# 9th column: H-bond character
# 10th column: H-bond root X coordinate
# 11th column: H-bond root Y coordinate
# 12th column: H-bond root Z coordinate
#
<Start>
<Atom_number> 98
  1   494   C.2   16.43   40.80  109.11  1.90  -0.03   0.5366   N    0.00    0.00    0.00    0.00    0.00    0.00 0 0 0 0 0   -1   -1   -1
  2   495   O.2   15.66   41.59  108.58  1.66  -0.40  -0.5819   P   15.03   42.24  108.14    0.48    0.76    0.43 2 0 1 0 2   -1   -1   -1
  3   501  N.am   17.57   40.40  108.54  1.83  -0.10  -0.5163   P   18.16   39.76  109.02    0.00    0.00    0.00 0 1 0 1 1   -1   -1   -1
  4   502   C.3   17.96   40.90  107.24  1.94  -0.31   0.0397   N    0.00    0.00    0.00    0.00    0.00    0.00 0 0 0 0 0   -1   -1   -1
  5   503   C.2   16.92   40.44  106.21  1.90  -0.03   0.5366   N    0.00    0.00    0.00    0.00    0.00    0.00 0 0 0 0 0   -1   -1   -1
  6   504   O.2   16.60   41.16  105.27  1.66  -0.40  -0.5819   P   16.33   41.75  104.50    0.72   -0.41   -0.56 2 0 1 0 2   -1   -1   -1
  7   505   C.3   19.35   40.36  106.86  1.94   0.36   0.0560   N    0.00    0.00    0.00    0.00    0.00    0.00 0 0 0 0 0   -1   -1   -1
  8   506   C.3   19.86   41.01  105.57  1.94  -0.01   0.0136   N    0.00    0.00    0.00    0.00    0.00    0.00 0 0 0 0 0   -1   -1   -1
  9   507   C.2   20.04   42.52  105.75  1.90  -0.03   0.8054   N    0.00    0.00    0.00    0.00    0.00    0.00 0 0 0 0 0   -1   -1   -1
 10   508 O.co2   20.45   43.21  104.81  1.66  -0.88  -0.8188   P   20.79   43.77  104.05   -0.94    0.15   -0.31 2 0 2 0 2   -1   -1   -1
 11   509 O.co2   19.73   42.97  106.92  1.66  -0.88  -0.8188   P   19.49   43.32  107.82    0.94   -0.15    0.31 2 0 2 0 2   -1   -1   -1
 12   511  N.am   16.40   39.24  106.42  1.83  -0.10  -0.4157   P   16.71   38.70  107.21    0.00    0.00    0.00 0 1 0 0 1   -1   -1   -1
 13   512   C.3   15.40   38.67  105.53  1.94  -0.31   0.0337   N    0.00    0.00    0.00    0.00    0.00    0.00 0 0 0 0 0   -1   -1   -1
 14   513   C.2   14.14   39.51  105.52  1.90  -0.03   0.5973   N    0.00    0.00    0.00    0.00    0.00    0.00 0 0 0 0 0   -1   -1   -1
 15   514   O.2   13.56   39.76  104.46  1.66  -0.40  -0.5679   P   13.08   39.97  103.61   -0.56   -0.82    0.11 2 0 1 0 2   -1   -1   -1
 16   519   C.2   12.54   41.97  105.88  1.90  -0.03   0.5973   N    0.00    0.00    0.00    0.00    0.00    0.00 0 0 0 0 0   -1   -1   -1
 17   531  N.am   13.68   42.65  105.82  1.83  -0.10  -0.4157   P   14.45   42.37  106.39    0.00    0.00    0.00 0 1 0 0 1   -1   -1   -1
 18   532   C.3   13.80   43.81  104.95  1.94  -0.31  -0.0875   N    0.00    0.00    0.00    0.00    0.00    0.00 0 0 0 0 0   -1   -1   -1
 19   533   C.2   13.50   43.41  103.50  1.90  -0.03   0.5973   N    0.00    0.00    0.00    0.00    0.00    0.00 0 0 0 0 0   -1   -1   -1
 20   534   O.2   12.79   44.12  102.78  1.66  -0.40  -0.5679   P   12.22   44.70  102.20    0.81    0.49   -0.32 2 0 1 0 2   -1   -1   -1
 21   535   C.3   15.22   44.40  105.03  1.94   0.13   0.2985   N    0.00    0.00    0.00    0.00    0.00    0.00 0 0 0 0 0   -1   -1   -1
 22   536   C.3   15.35   45.64  104.14  1.94   0.53  -0.3192   N    0.00    0.00    0.00    0.00    0.00    0.00 0 0 0 0 0   -1   -1   -1
 23   537   C.3   15.60   44.73  106.48  1.94   0.53  -0.3192   N    0.00    0.00    0.00    0.00    0.00    0.00 0 0 0 0 0   -1   -1   -1
 24   539  N.am   14.03   42.26  103.09  1.83  -0.10  -0.4157   P   14.58   41.72  103.74    0.00    0.00    0.00 0 1 0 0 1   -1   -1   -1
 25   540   C.3   13.84   41.74  101.74  1.94  -0.31  -0.0237   N    0.00    0.00    0.00    0.00    0.00    0.00 0 0 0 0 0   -1   -1   -1
 26   541   C.2   12.37   41.45  101.43  1.90  -0.03   0.5973   N    0.00    0.00    0.00    0.00    0.00    0.00 0 0 0 0 0   -1   -1   -1
 27   542   O.2   11.95   41.51  100.27  1.66  -0.40  -0.5679   P   11.60   41.56   99.34    0.23   -0.96   -0.14 2 0 1 0 2   -1   -1   -1
 28   543   C.3   14.67   40.47  101.52  1.94   0.36   0.0342   N    0.00    0.00    0.00    0.00    0.00    0.00 0 0 0 0 0   -1   -1   -1
 29   544   C.3   16.17   40.78  101.55  1.94   0.36   0.0018   N    0.00    0.00    0.00    0.00    0.00    0.00 0 0 0 0 0   -1   -1   -1
 30   545   S.3   17.13   39.24  101.49  2.09   0.25  -0.2737   N    0.00    0.00    0.00    0.00    0.00    0.00 0 0 0 0 0   -1   -1   -1
 31   546   C.3   17.83   39.24  103.17  1.94   0.53  -0.0536   N    0.00    0.00    0.00    0.00    0.00    0.00 0 0 0 0 0   -1   -1   -1
 32   550  N.am   11.60   41.11  102.46  1.83  -0.10  -0.4157   P   11.99   41.06  103.38    0.00    0.00    0.00 0 1 0 0 1   -1   -1   -1
 33   569   C.3   12.31   45.95   99.80  1.94   0.53  -0.3192   N    0.00    0.00    0.00    0.00    0.00    0.00 0 0 0 0 0   -1   -1   -1
 34  1152   O.2   16.75   51.89   99.56  1.66  -0.40  -0.5679   P   16.94   51.81  100.54   -0.87    0.44    0.20 2 0 1 0 2   -1   -1   -1
 35  1153   C.3   16.82   49.93   96.96  1.94   0.36  -0.1102   N    0.00    0.00    0.00    0.00    0.00    0.00 0 0 0 0 0   -1   -1   -1
 36  1154   C.3   16.26   48.63   96.38  1.94   0.13   0.3531   N    0.00    0.00    0.00    0.00    0.00    0.00 0 0 0 0 0   -1   -1   -1
 37  1155   C.3   17.39   47.72   95.90  1.94   0.53  -0.4121   N    0.00    0.00    0.00    0.00    0.00    0.00 0 0 0 0 0   -1   -1   -1
 38  1156   C.3   15.35   47.93   97.39  1.94   0.53  -0.4121   N    0.00    0.00    0.00    0.00    0.00    0.00 0 0 0 0 0   -1   -1   -1
 39  1180   O.2   16.15   51.33  103.64  1.66  -0.40  -0.5894   N    0.00    0.00    0.00    0.00    0.00    0.00 0 0 0 0 2   -1   -1   -1
 40  1196   C.2   18.78   51.71  102.78  1.90  -0.03   0.7341   N    0.00    0.00    0.00    0.00    0.00    0.00 0 0 0 0 0   -1   -1   -1
 41  1197   O.2   19.42   51.18  103.69  1.66  -0.40  -0.5894   P   19.94   50.75  104.42   -0.84   -0.40    0.36 2 0 2 0 2   -1   -1   -1
 42  1211  N.am   18.56   51.11  101.62  1.83  -0.10  -0.4157   P   18.02   51.58  100.92    0.00    0.00    0.00 0 1 0 0 1   -1   -1   -1
 43  1212   C.3   19.09   49.78  101.34  1.94  -0.31  -0.0518   N    0.00    0.00    0.00    0.00    0.00    0.00 0 0 0 0 0   -1   -1   -1
 44  1213   C.2   20.09   49.84  100.20  1.90  -0.03   0.5973   N    0.00    0.00    0.00    0.00    0.00    0.00 0 0 0 0 0   -1   -1   -1
 45  1214   O.2   19.73   50.20   99.07  1.66  -0.40  -0.5679   P   19.44   50.49   98.16    0.20    0.95    0.24 2 0 2 0 2   -1   -1   -1
 46  1215   C.3   17.96   48.81  100.93  1.94   0.36  -0.1102   N    0.00    0.00    0.00    0.00    0.00    0.00 0 0 0 0 0   -1   -1   -1
 47  1216   C.3   16.90   48.53  102.00  1.94   0.13   0.3531   N    0.00    0.00    0.00    0.00    0.00    0.00 0 0 0 0 0   -1   -1   -1
 48  1217   C.3   15.80   47.63  101.46  1.94   0.53  -0.4121   N    0.00    0.00    0.00    0.00    0.00    0.00 0 0 0 0 0   -1   -1   -1
 49  1218   C.3   17.54   47.96  103.27  1.94   0.53  -0.4121   N    0.00    0.00    0.00    0.00    0.00    0.00 0 0 0 0 0   -1   -1   -1
 50  1220  N.am   21.35   49.51  100.49  1.83  -0.10  -0.4157   P   21.59   49.26  101.42    0.00    0.00    0.00 0 1 0 1 1   -1   -1   -1
 51  1221   C.3   22.38   49.50   99.45  1.94  -0.31  -0.0875   N    0.00    0.00    0.00    0.00    0.00    0.00 0 0 0 0 0   -1   -1   -1
 52  1222   C.2   22.38   48.09   98.88  1.90  -0.03   0.5973   N    0.00    0.00    0.00    0.00    0.00    0.00 0 0 0 0 0   -1   -1   -1
 53  1223   O.2   22.48   47.12   99.62  1.66  -0.40  -0.5679   P   22.56   46.33  100.23   -1.00   -0.03    0.09 2 0 2 0 2   -1   -1   -1
 54  1224   C.3   23.77   49.82  100.03  1.94   0.13   0.2985   N    0.00    0.00    0.00    0.00    0.00    0.00 0 0 0 0 0   -1   -1   -1
 55  1225   C.3   24.82   49.89   98.92  1.94   0.53  -0.3192   N    0.00    0.00    0.00    0.00    0.00    0.00 0 0 0 0 0   -1   -1   -1
 56  1226   C.3   23.74   51.12  100.84  1.94   0.53  -0.3192   N    0.00    0.00    0.00    0.00    0.00    0.00 0 0 0 0 0   -1   -1   -1
 57  1228  N.am   22.25   47.97   97.56  1.83  -0.10  -0.4157   P   22.20   48.81   97.00    0.00    0.00    0.00 0 1 0 0 1   -1   -1   -1
 58  1229   C.3   22.20   46.67   96.89  1.94  -0.31   0.0188   N    0.00    0.00    0.00    0.00    0.00    0.00 0 0 0 0 0   -1   -1   -1
 59  1230   C.2   23.51   45.92   97.04  1.90  -0.03   0.5973   N    0.00    0.00    0.00    0.00    0.00    0.00 0 0 0 0 0   -1   -1   -1
 60  1231   O.2   23.54   44.78   97.51  1.66  -0.40  -0.5679   P   23.55   43.85   97.89   -0.11   -0.38   -0.92 2 0 2 0 2   -1   -1   -1
 61  1232   C.3   21.89   46.87   95.39  1.94  -0.01  -0.0462   N    0.00    0.00    0.00    0.00    0.00    0.00 0 0 0 0 0   -1   -1   -1
 62  1233  C.ar   21.47   45.61   94.68  1.90  -0.03  -0.0266   N    0.00    0.00    0.00    0.00    0.00    0.00 0 0 0 0 0   -1   -1   -1
 63  1245   C.3   26.25   46.42   99.18  1.94   0.36   0.0390   N    0.00    0.00    0.00    0.00    0.00    0.00 0 0 0 0 0   -1   -1   -1
 64  1246   C.3   26.67   45.78  100.51  1.94  -0.14   0.0486   N    0.00    0.00    0.00    0.00    0.00    0.00 0 0 0 0 0   -1   -1   -1
 65  1247 N.pl3   26.68   46.80  101.58  1.83  -0.10  -0.5295   P   27.57   47.06  101.97    0.00    0.00    0.00 0 1 0 0 1   -1   -1   -1
 66  1248 C.cat   25.58   47.41  102.07  1.90   0.00   0.8076   N    0.00    0.00    0.00    0.00    0.00    0.00 0 0 0 0 0   -1   -1   -1
 67  1249 N.pl3   24.38   47.08  101.56  1.83  -0.65  -0.8627   P   23.49   46.83  101.19   -0.09   -0.72    0.69 0 2 0 2 2   -1   -1   -1
 68  1250 N.pl3   25.68   48.32  103.04  1.83  -0.65  -0.8627   P   25.76   49.01  103.76    0.09    0.72   -0.69 0 2 0 1 2   -1   -1   -1
 69  1441  N.am   19.15   42.02   96.44  1.83  -0.10  -0.4157   P   18.18   42.04   96.17    0.00    0.00    0.00 0 1 0 1 1   -1   -1   -1
 70  1442   C.3   19.71   43.10   97.24  1.94  -0.31  -0.0024   N    0.00    0.00    0.00    0.00    0.00    0.00 0 0 0 0 0   -1   -1   -1
 71  1443   C.2   19.83   42.59   98.67  1.90  -0.03   0.5973   N    0.00    0.00    0.00    0.00    0.00    0.00 0 0 0 0 0   -1   -1   -1
 72  1444   O.2   19.10   41.68   99.07  1.66  -0.40  -0.5679   P   18.52   40.94   99.40    0.67   -0.67   -0.32 2 0 2 0 2   -1   -1   -1
 73  1445   C.3   18.83   44.36   97.18  1.94  -0.01  -0.0343   N    0.00    0.00    0.00    0.00    0.00    0.00 0 0 0 0 0   -1   -1   -1
 74  1446  C.ar   17.34   44.10   97.31  1.85   0.30   0.0118   N    0.00    0.00    0.00    0.00    0.00    0.00 0 0 0 0 0   -1   -1   -1
 75  1447  C.ar   16.57   43.78   96.17  1.85   0.34  -0.1256   N    0.00    0.00    0.00    0.00    0.00    0.00 0 0 0 0 0   -1   -1   -1
 76  1448  C.ar   16.71   44.19   98.57  1.85   0.34  -0.1256   N    0.00    0.00    0.00    0.00    0.00    0.00 0 0 0 0 0   -1   -1   -1
 77  1449  C.ar   15.18   43.54   96.30  1.85   0.34  -0.1704   N    0.00    0.00    0.00    0.00    0.00    0.00 0 0 0 0 0   -1   -1   -1
 78  1450  C.ar   15.33   43.96   98.70  1.85   0.34  -0.1704   N    0.00    0.00    0.00    0.00    0.00    0.00 0 0 0 0 0   -1   -1   -1
 79  1451  C.ar   14.56   43.63   97.56  1.85   0.34  -0.1072   N    0.00    0.00    0.00    0.00    0.00    0.00 0 0 0 0 0   -1   -1   -1
 80  1453  N.am   20.76   43.15   99.43  1.83  -0.10  -0.4157   P   21.35   43.86   99.05    0.00    0.00    0.00 0 1 0 1 1   -1   -1   -1
 81  1454   C.3   20.92   42.73  100.82  1.94  -0.30  -0.0252   N    0.00    0.00    0.00    0.00    0.00    0.00 0 0 0 0 0   -1   -1   -1
 82  1455   C.2   21.76   41.49  101.07  1.90  -0.03   0.5973   N    0.00    0.00    0.00    0.00    0.00    0.00 0 0 0 0 0   -1   -1   -1
 83  1456   O.2   22.45   41.41  102.08  1.66  -0.40  -0.5679   P   23.01   41.36  102.90   -0.77   -0.41    0.50 2 0 1 0 2   -1   -1   -1
 84  1458  N.am   21.71   40.50  100.18  1.83  -0.10  -0.4157   P   21.14   40.60   99.36    0.00    0.00    0.00 0 1 0 1 1   -1   -1   -1
 85  1473  N.am   25.56   42.06  101.96  1.83  -0.10  -0.3479   P   24.79   42.48  101.47    0.00    0.00    0.00 0 1 0 1 1   -1   -1   -1
 86  1474   C.3   25.84   42.47  103.33  1.94  -0.31  -0.2400   N    0.00    0.00    0.00    0.00    0.00    0.00 0 0 0 0 0   -1   -1   -1
 87  1475   C.2   25.61   41.34  104.33  1.90  -0.03   0.7341   N    0.00    0.00    0.00    0.00    0.00    0.00 0 0 0 0 0   -1   -1   -1
 88  1477   C.3   24.98   43.68  103.73  1.94   0.36  -0.0094   N    0.00    0.00    0.00    0.00    0.00    0.00 0 0 0 0 0   -1   -1   -1
 89  1478   C.3   25.25   44.09  105.18  1.94   0.36   0.0187   N    0.00    0.00    0.00    0.00    0.00    0.00 0 0 0 0 0   -1   -1   -1
 90  1479   C.3   24.66   45.47  105.47  1.94   0.36  -0.0479   N    0.00    0.00    0.00    0.00    0.00    0.00 0 0 0 0 0   -1   -1   -1
 91  1480   C.3   25.07   45.96  106.86  1.94  -0.14  -0.0143   N    0.00    0.00    0.00    0.00    0.00    0.00 0 0 0 0 0   -1   -1   -1
 92  1481   N.4   24.62   47.35  107.08  1.86  -2.00  -0.3854   P   24.31   48.29  107.22    0.67    0.32   -0.67 0 3 0 3 3   -1   -1   -1
 93  1486  N.am   24.56   40.56  104.10  1.83  -0.10  -0.4157   P   23.98   40.74  103.31    0.00    0.00    0.00 0 1 0 0 1   -1   -1   -1
 94  1521   C.2   29.06   47.06  105.13  1.90  -0.03   0.8054   N    0.00    0.00    0.00    0.00    0.00    0.00 0 0 0 0 0   -1   -1   -1
 95  1522 O.co2   28.55   47.63  104.15  1.66  -0.88  -0.8188   P   28.15   48.09  103.36   -0.80   -0.60    0.06 2 0 0 0 2   -1   -1   -1
 96  1523 O.co2   28.89   47.40  106.36  1.66  -0.88  -0.8188   P   28.76   47.67  107.31    0.80    0.60   -0.06 2 0 2 0 2   -1   -1   -1
 97  1704   C.2   28.16   51.79  100.22  1.90  -0.03   0.5973   N    0.00    0.00    0.00    0.00    0.00    0.00 0 0 0 0 0   -1   -1   -1
 98  1705   O.2   27.75   51.87  101.38  1.66  -0.40  -0.5679   P   27.42   51.93  102.32   -0.70   -0.68   -0.20 2 0 2 0 2   -1   -1   -1
<End>
