#
# This file is create by LigBuilder/Cavity.
# It stores the parameters for the pocket atoms.
# Creation time: Fri Mar 19 16:08:16 2021
#
# 1st column: ID of the atom
# 2nd column: ID of the atom in the original PDB file
# 3rd column: atom type
# 4th column: X coordinate
# 5th column: Y coordinate
# 6th column: Z coordinate
# 7th column: vdw radius
# 8th column: atomic hydrophobic scale
# 9th column: H-bond character
# 10th column: H-bond root X coordinate
# 11th column: H-bond root Y coordinate
# 12th column: H-bond root Z coordinate
#
<Start>
<Atom_number> 61
  1   974   O.2   15.04   51.93   73.62  1.66  -0.40  -0.5679   N    0.00    0.00    0.00    0.00    0.00    0.00 0 0 0 0 2   -1   -1   -1
  2   980   C.3   12.33   51.71   73.10  1.94  -0.31  -0.0031   N    0.00    0.00    0.00    0.00    0.00    0.00 0 0 0 0 0   -1   -1   -1
  3   981   C.2   12.43   50.81   74.33  1.90  -0.03   0.5973   N    0.00    0.00    0.00    0.00    0.00    0.00 0 0 0 0 0   -1   -1   -1
  4   982   O.2   12.27   51.26   75.46  1.66  -0.40  -0.5679   P   12.15   51.64   76.38   -0.98   -0.18   -0.06 2 0 2 0 2   -1   -1   -1
  5   984   C.3    9.82   51.88   73.33  1.94  -0.01  -0.0645   N    0.00    0.00    0.00    0.00    0.00    0.00 0 0 0 0 0   -1   -1   -1
  6   991  N.am   12.69   49.52   74.10  1.83  -0.10  -0.4157   P   12.81   49.20   73.16    0.00    0.00    0.00 0 1 0 1 1   -1   -1   -1
  7   992   C.3   12.79   48.57   75.21  1.94  -0.31  -0.0014   N    0.00    0.00    0.00    0.00    0.00    0.00 0 0 0 0 0   -1   -1   -1
  8   993   C.2   14.01   48.82   76.08  1.90  -0.03   0.5973   N    0.00    0.00    0.00    0.00    0.00    0.00 0 0 0 0 0   -1   -1   -1
  9   994   O.2   13.91   48.78   77.31  1.66  -0.40  -0.5679   P   13.83   48.75   78.30    0.22   -0.98   -0.01 2 0 1 0 2   -1   -1   -1
 10   995   C.3   12.81   47.13   74.66  1.94  -0.01  -0.0152   N    0.00    0.00    0.00    0.00    0.00    0.00 0 0 0 0 0   -1   -1   -1
 11   996  C.ar   11.44   46.53   74.40  1.85   0.30  -0.0011   N    0.00    0.00    0.00    0.00    0.00    0.00 0 0 0 0 0   -1   -1   -1
 12   997  C.ar   10.76   45.83   75.43  1.85   0.34  -0.1906   N    0.00    0.00    0.00    0.00    0.00    0.00 0 0 0 0 0   -1   -1   -1
 13   998  C.ar   10.84   46.67   73.13  1.85   0.34  -0.1906   N    0.00    0.00    0.00    0.00    0.00    0.00 0 0 0 0 0   -1   -1   -1
 14   999  C.ar    9.49   45.28   75.18  1.85   0.34  -0.2341   N    0.00    0.00    0.00    0.00    0.00    0.00 0 0 0 0 0   -1   -1   -1
 15  1001  C.ar    8.89   45.41   73.91  1.85  -0.15   0.3226   N    0.00    0.00    0.00    0.00    0.00    0.00 0 0 0 0 0   -1   -1   -1
 16  1002   O.3    7.66   44.88   73.67  1.74   0.08  -0.5579   P    6.75   44.48   73.50   -0.43    0.79    0.43 2 1 1 1 3   -1   -1   -1
 17  1005  N.am   15.15   49.07   75.45  1.83  -0.10  -0.4157   P   15.16   49.11   74.45    0.00    0.00    0.00 0 1 0 1 1   -1   -1   -1
 18  1006   C.3   16.38   49.30   76.19  1.94  -0.31  -0.0518   N    0.00    0.00    0.00    0.00    0.00    0.00 0 0 0 0 0   -1   -1   -1
 19  1007   C.2   16.27   50.50   77.12  1.90  -0.03   0.5973   N    0.00    0.00    0.00    0.00    0.00    0.00 0 0 0 0 0   -1   -1   -1
 20  1008   O.2   16.63   50.40   78.29  1.66  -0.40  -0.5679   P   16.91   50.33   79.25    0.92    0.30   -0.26 2 0 1 0 2   -1   -1   -1
 21  1014  N.am   15.77   51.61   76.61  1.83  -0.10  -0.4157   P   15.39   52.45   76.22    0.00    0.00    0.00 0 1 0 1 1   -1   -1   -1
 22  1023  N.am   13.54   51.94   78.30  1.83  -0.10  -0.4157   P   14.21   52.08   77.57    0.00    0.00    0.00 0 1 0 1 1   -1   -1   -1
 23  1024   C.3   12.55   51.73   79.35  1.94  -0.31   0.0143   N    0.00    0.00    0.00    0.00    0.00    0.00 0 0 0 0 0   -1   -1   -1
 24  1025   C.2   13.10   50.82   80.44  1.90  -0.03   0.5973   N    0.00    0.00    0.00    0.00    0.00    0.00 0 0 0 0 0   -1   -1   -1
 25  1026   O.2   12.82   51.02   81.61  1.66  -0.40  -0.5679   P   12.59   51.19   82.57   -0.79   -0.60   -0.09 2 0 2 0 2   -1   -1   -1
 26  1027   C.3   11.24   51.17   78.76  1.94  -0.01  -0.2041   N    0.00    0.00    0.00    0.00    0.00    0.00 0 0 0 0 0   -1   -1   -1
 27  1034  N.am   13.90   49.82   80.07  1.83  -0.10  -0.4157   P   14.10   49.67   79.10    0.00    0.00    0.00 0 1 0 0 1   -1   -1   -1
 28  1035   C.3   14.48   48.94   81.09  1.94  -0.31  -0.0275   N    0.00    0.00    0.00    0.00    0.00    0.00 0 0 0 0 0   -1   -1   -1
 29  1038   C.3   15.31   47.80   80.46  1.94  -0.01  -0.0050   N    0.00    0.00    0.00    0.00    0.00    0.00 0 0 0 0 0   -1   -1   -1
 30  1039  C.ar   14.46   46.75   79.74  1.90   0.01  -0.1415   N    0.00    0.00    0.00    0.00    0.00    0.00 0 0 0 0 0   -1   -1   -1
 31  1040  C.ar   13.19   46.41   79.98  1.90  -0.31  -0.1638   N    0.00    0.00    0.00    0.00    0.00    0.00 0 0 0 0 0   -1   -1   -1
 32  1041  C.ar   14.88   45.91   78.65  1.85   0.30   0.1243   N    0.00    0.00    0.00    0.00    0.00    0.00 0 0 0 0 0   -1   -1   -1
 33  1042  N.ar   12.76   45.42   79.13  1.87   0.55  -0.3418   P   11.85   45.00   79.11    0.00    0.00    0.00 0 1 0 0 1   -1   -1   -1
 34  1043  C.ar   13.82   45.10   78.29  1.85  -0.15   0.1380   N    0.00    0.00    0.00    0.00    0.00    0.00 0 0 0 0 0   -1   -1   -1
 35  1044  C.ar   16.12   45.84   77.98  1.85   0.34  -0.2387   N    0.00    0.00    0.00    0.00    0.00    0.00 0 0 0 0 0   -1   -1   -1
 36  1045  C.ar   13.89   44.17   77.25  1.85   0.34  -0.2601   N    0.00    0.00    0.00    0.00    0.00    0.00 0 0 0 0 0   -1   -1   -1
 37  1046  C.ar   16.17   44.90   76.95  1.85   0.34  -0.1972   N    0.00    0.00    0.00    0.00    0.00    0.00 0 0 0 0 0   -1   -1   -1
 38  1047  C.ar   15.11   44.08   76.57  1.85   0.34  -0.1134   N    0.00    0.00    0.00    0.00    0.00    0.00 0 0 0 0 0   -1   -1   -1
 39  1072   C.3   12.07   49.48   84.75  1.94   0.36  -0.0036   N    0.00    0.00    0.00    0.00    0.00    0.00 0 0 0 0 0   -1   -1   -1
 40  1073   C.3   10.82   49.81   83.93  1.94  -0.01  -0.0645   N    0.00    0.00    0.00    0.00    0.00    0.00 0 0 0 0 0   -1   -1   -1
 41  1074   C.2   10.32   48.59   83.16  1.90  -0.03   0.6951   N    0.00    0.00    0.00    0.00    0.00    0.00 0 0 0 0 0   -1   -1   -1
 42  1075   O.2   10.46   47.45   83.59  1.66  -0.40  -0.6086   P   10.56   46.53   83.95   -0.89    0.07    0.46 2 0 1 0 2   -1   -1   -1
 43  1076  N.am    9.75   48.88   81.99  1.83  -0.65  -0.9407   P    9.32   49.09   81.12    0.89   -0.07   -0.46 0 2 0 2 2   -1   -1   -1
 44  1356   O.2    9.21   41.93   80.90  1.66  -0.40  -0.5679   P    9.77   42.59   81.39    0.71   -0.69    0.11 2 0 1 0 2   -1   -1   -1
 45  1363   C.3    9.52   41.79   78.20  1.94  -0.31  -0.0266   N    0.00    0.00    0.00    0.00    0.00    0.00 0 0 0 0 0   -1   -1   -1
 46  1364   C.2    9.38   43.29   78.44  1.90  -0.03   0.5896   N    0.00    0.00    0.00    0.00    0.00    0.00 0 0 0 0 0   -1   -1   -1
 47  1365   O.2   10.34   44.04   78.27  1.66  -0.40  -0.5748   P   11.12   44.65   78.13   -0.28    0.14   -0.95 2 0 1 0 2   -1   -1   -1
 48  1366   C.3    9.81   41.08   76.96  1.94   0.36  -0.0070   N    0.00    0.00    0.00    0.00    0.00    0.00 0 0 0 0 0   -1   -1   -1
 49  1369  N.am    8.18   43.71   78.85  1.83  -0.10  -0.4157   P    7.45   43.05   78.99    0.00    0.00    0.00 0 1 0 0 1   -1   -1   -1
 50  1370   C.3    7.92   45.13   79.11  1.94  -0.31  -0.0031   N    0.00    0.00    0.00    0.00    0.00    0.00 0 0 0 0 0   -1   -1   -1
 51  1371   C.2    8.00   45.45   80.61  1.90  -0.03   0.5973   N    0.00    0.00    0.00    0.00    0.00    0.00 0 0 0 0 0   -1   -1   -1
 52  1372   O.2    7.63   46.56   81.03  1.66  -0.40  -0.5679   P    7.32   47.45   81.37   -0.92   -0.37    0.15 2 0 2 0 2   -1   -1   -1
 53  1373   C.3    6.50   45.52   78.65  1.94   0.36  -0.0036   N    0.00    0.00    0.00    0.00    0.00    0.00 0 0 0 0 0   -1   -1   -1
 54  1374   C.3    6.27   45.13   77.19  1.94  -0.01  -0.0645   N    0.00    0.00    0.00    0.00    0.00    0.00 0 0 0 0 0   -1   -1   -1
 55  1375   C.2    6.12   43.62   77.04  1.90  -0.03   0.6951   N    0.00    0.00    0.00    0.00    0.00    0.00 0 0 0 0 0   -1   -1   -1
 56  1376   O.2    5.38   42.97   77.77  1.66  -0.40  -0.6086   P    4.78   42.44   78.37   -0.75    0.14   -0.64 2 0 2 0 2   -1   -1   -1
 57  1377  N.am    6.85   43.09   76.07  1.83  -0.65  -0.9407   P    7.40   42.69   75.34    0.75   -0.14    0.64 0 2 0 1 2   -1   -1   -1
 58  1381  N.am    8.50   44.52   81.42  1.83  -0.10  -0.4157   P    8.88   43.68   81.04    0.00    0.00    0.00 0 1 0 0 1   -1   -1   -1
 59  1382   C.3    8.51   44.73   82.87  1.94  -0.31   0.0188   N    0.00    0.00    0.00    0.00    0.00    0.00 0 0 0 0 0   -1   -1   -1
 60  1383   C.2    9.69   44.00   83.55  1.90  -0.03   0.5973   N    0.00    0.00    0.00    0.00    0.00    0.00 0 0 0 0 0   -1   -1   -1
 61  1393  N.am   10.71   44.74   83.99  1.83  -0.10  -0.4157   P   10.69   45.73   83.86    0.00    0.00    0.00 0 1 0 0 1   -1   -1   -1
<End>
