#
# This file is create by LigBuilder/Cavity.
# It stores the parameters for the pocket atoms.
# Creation time: Sun Mar  4 14:32:05 2012
#
# 1st column: ID of the atom
# 2nd column: ID of the atom in the original PDB file
# 3rd column: atom type
# 4th column: X coordinate
# 5th column: Y coordinate
# 6th column: Z coordinate
# 7th column: vdw radius
# 8th column: atomic hydrophobic scale
# 9th column: H-bond character
# 10th column: H-bond root X coordinate
# 11th column: H-bond root Y coordinate
# 12th column: H-bond root Z coordinate
#
<Start>
<Atom_number> 217
  1     3   C.2   68.02   28.16   45.76  1.90  -0.03   0.5973   N    0.00    0.00    0.00    0.00    0.00    0.00 0 0 0 0 0   -1   -1   -1
  2     4   O.2   68.18   29.14   45.03  1.66  -0.40  -0.5679   P   68.31   29.93   44.43   -0.78   -0.29   -0.55 2 0 1 0 2   -1   -1   -1
  3     7   O.2   70.62   28.77   46.66  1.66  -0.40  -0.5931   P   70.43   29.75   46.64   -0.11   -0.01    0.99 2 0 1 0 2   -1   -1   -1
  4    16  N.am   67.24   28.19   46.84  1.83  -0.10  -0.4157   P   67.18   27.37   47.41    0.00    0.00    0.00 0 1 0 0 1   -1   -1   -1
  5    17   C.3   66.48   29.38   47.23  1.94  -0.31  -0.0518   N    0.00    0.00    0.00    0.00    0.00    0.00 0 0 0 0 0   -1   -1   -1
  6    18   C.2   67.34   30.62   47.48  1.90  -0.03   0.5973   N    0.00    0.00    0.00    0.00    0.00    0.00 0 0 0 0 0   -1   -1   -1
  7    19   O.2   66.88   31.75   47.26  1.66  -0.40  -0.5679   P   66.51   32.66   47.08   -0.34    0.05    0.94 2 0 1 0 2   -1   -1   -1
  8    20   C.3   65.62   29.06   48.46  1.94   0.36  -0.1102   N    0.00    0.00    0.00    0.00    0.00    0.00 0 0 0 0 0   -1   -1   -1
  9    21   C.3   64.19   28.50   48.28  1.94   0.13   0.3531   N    0.00    0.00    0.00    0.00    0.00    0.00 0 0 0 0 0   -1   -1   -1
 10    22   C.3   63.72   28.56   46.82  1.94   0.53  -0.4121   N    0.00    0.00    0.00    0.00    0.00    0.00 0 0 0 0 0   -1   -1   -1
 11    23   C.3   64.15   27.09   48.78  1.94   0.53  -0.4121   N    0.00    0.00    0.00    0.00    0.00    0.00 0 0 0 0 0   -1   -1   -1
 12    35  N.am   68.58   30.43   47.93  1.83  -0.10  -0.4157   P   68.90   29.50   48.12    0.00    0.00    0.00 0 1 0 1 1   -1   -1   -1
 13    36   C.3   69.49   31.57   48.15  1.94  -0.31  -0.0875   N    0.00    0.00    0.00    0.00    0.00    0.00 0 0 0 0 0   -1   -1   -1
 14    37   C.2   69.82   32.19   46.78  1.90  -0.03   0.5973   N    0.00    0.00    0.00    0.00    0.00    0.00 0 0 0 0 0   -1   -1   -1
 15    38   O.2   69.81   33.41   46.63  1.66  -0.40  -0.5679   P   69.80   34.40   46.50    0.97    0.03    0.22 2 0 1 0 2   -1   -1   -1
 16    39   C.3   70.82   31.14   48.87  1.94   0.13   0.2985   N    0.00    0.00    0.00    0.00    0.00    0.00 0 0 0 0 0   -1   -1   -1
 17    40   C.3   71.71   32.35   49.06  1.94   0.53  -0.3192   N    0.00    0.00    0.00    0.00    0.00    0.00 0 0 0 0 0   -1   -1   -1
 18    41   C.3   70.53   30.51   50.24  1.94   0.53  -0.3192   N    0.00    0.00    0.00    0.00    0.00    0.00 0 0 0 0 0   -1   -1   -1
 19    51  N.am   70.07   31.35   45.79  1.83  -0.10  -0.4157   P   70.06   30.36   45.95    0.00    0.00    0.00 0 1 0 0 1   -1   -1   -1
 20    65  N.am   67.98   32.00   44.20  1.83  -0.10  -0.4157   P   67.97   31.14   44.71    0.00    0.00    0.00 0 1 0 0 1   -1   -1   -1
 21    66   C.3   66.73   32.58   43.76  1.94  -0.31  -0.0024   N    0.00    0.00    0.00    0.00    0.00    0.00 0 0 0 0 0   -1   -1   -1
 22    67   C.2   66.54   33.94   44.44  1.90  -0.03   0.5973   N    0.00    0.00    0.00    0.00    0.00    0.00 0 0 0 0 0   -1   -1   -1
 23    68   O.2   66.14   34.91   43.80  1.66  -0.40  -0.5679   P   65.81   35.70   43.28   -0.94   -0.24    0.23 2 0 1 0 2   -1   -1   -1
 24    69   C.3   65.56   31.63   44.09  1.94  -0.01  -0.0343   N    0.00    0.00    0.00    0.00    0.00    0.00 0 0 0 0 0   -1   -1   -1
 25    70  C.ar   64.24   32.05   43.52  1.85   0.30   0.0118   N    0.00    0.00    0.00    0.00    0.00    0.00 0 0 0 0 0   -1   -1   -1
 26    71  C.ar   64.14   32.61   42.26  1.85   0.34  -0.1256   N    0.00    0.00    0.00    0.00    0.00    0.00 0 0 0 0 0   -1   -1   -1
 27    72  C.ar   63.07   31.85   44.25  1.85   0.34  -0.1256   N    0.00    0.00    0.00    0.00    0.00    0.00 0 0 0 0 0   -1   -1   -1
 28    73  C.ar   62.88   32.95   41.73  1.85   0.34  -0.1704   N    0.00    0.00    0.00    0.00    0.00    0.00 0 0 0 0 0   -1   -1   -1
 29    74  C.ar   61.83   32.19   43.72  1.85   0.34  -0.1704   N    0.00    0.00    0.00    0.00    0.00    0.00 0 0 0 0 0   -1   -1   -1
 30    75  C.ar   61.73   32.74   42.47  1.85   0.34  -0.1072   N    0.00    0.00    0.00    0.00    0.00    0.00 0 0 0 0 0   -1   -1   -1
 31    85  N.am   66.84   34.02   45.74  1.83  -0.10  -0.4157   P   67.17   33.21   46.21    0.00    0.00    0.00 0 1 0 0 1   -1   -1   -1
 32    86   C.3   66.70   35.27   46.47  1.94  -0.31   0.0188   N    0.00    0.00    0.00    0.00    0.00    0.00 0 0 0 0 0   -1   -1   -1
 33    87   C.2   67.56   36.36   45.83  1.90  -0.03   0.5973   N    0.00    0.00    0.00    0.00    0.00    0.00 0 0 0 0 0   -1   -1   -1
 34    88   O.2   67.07   37.45   45.54  1.66  -0.40  -0.5679   P   66.67   38.34   45.31    0.25    0.35    0.90 2 0 1 0 2   -1   -1   -1
 35    89   C.3   67.09   35.09   47.93  1.94  -0.01  -0.0462   N    0.00    0.00    0.00    0.00    0.00    0.00 0 0 0 0 0   -1   -1   -1
 36    90  C.ar   66.76   36.27   48.79  1.90  -0.03  -0.0266   N    0.00    0.00    0.00    0.00    0.00    0.00 0 0 0 0 0   -1   -1   -1
 37    91  N.ar   67.62   37.33   48.96  1.87   0.14  -0.3811   P   68.53   37.41   48.56    0.00    0.00    0.00 1 1 1 1 1   39   -1   36
 38    92  C.ar   65.64   36.58   49.49  1.90  -0.31   0.1292   N    0.00    0.00    0.00    0.00    0.00    0.00 0 0 0 0 0   -1   -1   -1
 39    93  C.ar   67.04   38.24   49.72  1.90  -0.31   0.2057   N    0.00    0.00    0.00    0.00    0.00    0.00 0 0 0 0 0   -1   -1   -1
 40    94  N.ar   65.84   37.81   50.05  1.87   0.14  -0.5727   P   65.18   38.30   50.62    0.00    0.00    0.00 1 1 1 1 1   36   -1   39
 41   102  N.am   68.83   36.07   45.59  1.83  -0.10  -0.3479   P   69.18   35.16   45.83    0.00    0.00    0.00 0 1 0 0 1   -1   -1   -1
 42   149   C.3   63.98   37.99   43.52  1.94   0.13   0.1303   N    0.00    0.00    0.00    0.00    0.00    0.00 0 0 0 0 0   -1   -1   -1
 43   150   C.3   63.31   36.74   42.92  1.94   0.36  -0.0430   N    0.00    0.00    0.00    0.00    0.00    0.00 0 0 0 0 0   -1   -1   -1
 44   151   C.3   62.93   39.03   43.81  1.94   0.53  -0.3204   N    0.00    0.00    0.00    0.00    0.00    0.00 0 0 0 0 0   -1   -1   -1
 45   152   C.3   62.72   35.81   43.95  1.94   0.53  -0.0660   N    0.00    0.00    0.00    0.00    0.00    0.00 0 0 0 0 0   -1   -1   -1
 46   264   C.2   62.53   40.56   48.85  1.90  -0.03   0.5366   N    0.00    0.00    0.00    0.00    0.00    0.00 0 0 0 0 0   -1   -1   -1
 47   265   O.2   61.35   40.91   48.80  1.66  -0.40  -0.5819   P   60.39   41.19   48.76    0.11    0.25   -0.96 2 0 1 0 2   -1   -1   -1
 48   277  N.am   62.94   39.33   48.58  1.83  -0.10  -0.4157   P   63.91   39.12   48.67    0.00    0.00    0.00 0 1 0 1 1   -1   -1   -1
 49   278   C.3   62.02   38.29   48.16  1.94  -0.31   0.0337   N    0.00    0.00    0.00    0.00    0.00    0.00 0 0 0 0 0   -1   -1   -1
 50   279   C.2   61.10   37.81   49.26  1.90  -0.03   0.5973   N    0.00    0.00    0.00    0.00    0.00    0.00 0 0 0 0 0   -1   -1   -1
 51   280   O.2   59.90   37.75   49.07  1.66  -0.40  -0.5679   P   58.91   37.69   48.91    0.10   -0.94   -0.31 2 0 0 0 2   -1   -1   -1
 52   281   C.3   62.81   37.11   47.60  1.94   0.53  -0.1825   N    0.00    0.00    0.00    0.00    0.00    0.00 0 0 0 0 0   -1   -1   -1
 53   287  N.am   61.65   37.49   50.42  1.83  -0.10  -0.4157   P   62.63   37.58   50.56    0.00    0.00    0.00 0 1 0 1 1   -1   -1   -1
 54   288   C.3   60.80   36.98   51.49  1.94  -0.31   0.0337   N    0.00    0.00    0.00    0.00    0.00    0.00 0 0 0 0 0   -1   -1   -1
 55   289   C.2   59.63   37.90   51.80  1.90  -0.03   0.5973   N    0.00    0.00    0.00    0.00    0.00    0.00 0 0 0 0 0   -1   -1   -1
 56   290   O.2   58.47   37.47   51.78  1.66  -0.40  -0.5679   P   57.54   37.12   51.75    0.06   -0.21    0.97 2 0 2 0 2   -1   -1   -1
 57   291   C.3   61.62   36.74   52.74  1.94   0.53  -0.1825   N    0.00    0.00    0.00    0.00    0.00    0.00 0 0 0 0 0   -1   -1   -1
 58   297  N.am   59.92   39.17   52.06  1.83  -0.10  -0.4157   P   60.87   39.48   52.01    0.00    0.00    0.00 0 1 0 1 1   -1   -1   -1
 59   298   C.3   58.88   40.12   52.42  1.94  -0.31  -0.0518   N    0.00    0.00    0.00    0.00    0.00    0.00 0 0 0 0 0   -1   -1   -1
 60   316  N.am   58.58   40.95   50.18  1.83  -0.10  -0.4157   P   59.58   40.90   50.14    0.00    0.00    0.00 0 1 0 0 1   -1   -1   -1
 61   318   C.2   57.11   40.33   48.24  1.90  -0.03   0.5973   N    0.00    0.00    0.00    0.00    0.00    0.00 0 0 0 0 0   -1   -1   -1
 62   327  N.am   57.64   39.11   48.23  1.83  -0.10  -0.4157   P   58.48   38.93   48.75    0.00    0.00    0.00 0 1 0 0 1   -1   -1   -1
 63   328   C.3   57.02   38.03   47.46  1.94  -0.31  -0.0014   N    0.00    0.00    0.00    0.00    0.00    0.00 0 0 0 0 0   -1   -1   -1
 64   329   C.2   56.75   36.74   48.17  1.90  -0.03   0.5973   N    0.00    0.00    0.00    0.00    0.00    0.00 0 0 0 0 0   -1   -1   -1
 65   330   O.2   56.00   35.91   47.67  1.66  -0.40  -0.5679   P   55.39   35.23   47.25    0.78   -0.41   -0.48 2 0 2 0 2   -1   -1   -1
 66   331   C.3   57.89   37.70   46.24  1.94  -0.01  -0.0152   N    0.00    0.00    0.00    0.00    0.00    0.00 0 0 0 0 0   -1   -1   -1
 67   332  C.ar   58.02   38.81   45.23  1.85   0.30  -0.0011   N    0.00    0.00    0.00    0.00    0.00    0.00 0 0 0 0 0   -1   -1   -1
 68   333  C.ar   59.19   39.58   45.15  1.85   0.34  -0.1906   N    0.00    0.00    0.00    0.00    0.00    0.00 0 0 0 0 0   -1   -1   -1
 69   334  C.ar   56.99   39.11   44.35  1.85   0.34  -0.1906   N    0.00    0.00    0.00    0.00    0.00    0.00 0 0 0 0 0   -1   -1   -1
 70   335  C.ar   59.32   40.61   44.23  1.85   0.34  -0.2341   N    0.00    0.00    0.00    0.00    0.00    0.00 0 0 0 0 0   -1   -1   -1
 71   336  C.ar   57.10   40.15   43.43  1.85   0.34  -0.2341   N    0.00    0.00    0.00    0.00    0.00    0.00 0 0 0 0 0   -1   -1   -1
 72   337  C.ar   58.27   40.89   43.38  1.85  -0.15   0.3226   N    0.00    0.00    0.00    0.00    0.00    0.00 0 0 0 0 0   -1   -1   -1
 73   348  N.am   57.36   36.55   49.34  1.83  -0.10  -0.4157   P   57.95   37.26   49.71    0.00    0.00    0.00 0 1 0 0 1   -1   -1   -1
 74   349   C.3   57.18   35.31   50.06  1.94  -0.30  -0.0252   N    0.00    0.00    0.00    0.00    0.00    0.00 0 0 0 0 0   -1   -1   -1
 75   350   C.2   55.76   34.85   50.35  1.90  -0.03   0.5973   N    0.00    0.00    0.00    0.00    0.00    0.00 0 0 0 0 0   -1   -1   -1
 76   351   O.2   55.52   33.64   50.45  1.66  -0.40  -0.5679   P   55.33   32.66   50.53    0.19    0.04    0.98 2 0 2 0 2   -1   -1   -1
 77   355  N.am   54.83   35.78   50.49  1.83  -0.10  -0.4157   P   55.07   36.75   50.37    0.00    0.00    0.00 0 1 0 1 1   -1   -1   -1
 78   356   C.3   53.44   35.44   50.81  1.94  -0.31  -0.0024   N    0.00    0.00    0.00    0.00    0.00    0.00 0 0 0 0 0   -1   -1   -1
 79   359   C.3   53.14   35.90   52.24  1.94  -0.01  -0.0343   N    0.00    0.00    0.00    0.00    0.00    0.00 0 0 0 0 0   -1   -1   -1
 80   360  C.ar   54.14   35.42   53.25  1.85   0.30   0.0118   N    0.00    0.00    0.00    0.00    0.00    0.00 0 0 0 0 0   -1   -1   -1
 81   361  C.ar   55.20   36.24   53.65  1.85   0.34  -0.1256   N    0.00    0.00    0.00    0.00    0.00    0.00 0 0 0 0 0   -1   -1   -1
 82   362  C.ar   54.07   34.11   53.75  1.85   0.34  -0.1256   N    0.00    0.00    0.00    0.00    0.00    0.00 0 0 0 0 0   -1   -1   -1
 83   363  C.ar   56.17   35.77   54.55  1.85   0.34  -0.1704   N    0.00    0.00    0.00    0.00    0.00    0.00 0 0 0 0 0   -1   -1   -1
 84   364  C.ar   55.04   33.63   54.64  1.85   0.34  -0.1704   N    0.00    0.00    0.00    0.00    0.00    0.00 0 0 0 0 0   -1   -1   -1
 85   365  C.ar   56.11   34.47   55.04  1.85   0.34  -0.1072   N    0.00    0.00    0.00    0.00    0.00    0.00 0 0 0 0 0   -1   -1   -1
 86   375  N.am   52.96   36.60   48.75  1.83  -0.10  -0.4157   P   53.93   36.49   48.56    0.00    0.00    0.00 0 1 0 1 1   -1   -1   -1
 87   378   O.2   51.27   35.34   46.71  1.66  -0.40  -0.5679   P   51.47   34.43   46.35   -0.21   -0.40    0.89 2 0 1 0 2   -1   -1   -1
 88   379   C.3   53.01   37.94   46.72  1.94  -0.01  -0.0152   N    0.00    0.00    0.00    0.00    0.00    0.00 0 0 0 0 0   -1   -1   -1
 89   416   C.3   50.70   30.93   44.84  1.94  -0.31   0.0188   N    0.00    0.00    0.00    0.00    0.00    0.00 0 0 0 0 0   -1   -1   -1
 90   417   C.2   52.16   31.19   45.16  1.90  -0.03   0.5973   N    0.00    0.00    0.00    0.00    0.00    0.00 0 0 0 0 0   -1   -1   -1
 91   418   O.2   52.95   30.27   45.10  1.66  -0.40  -0.5679   P   53.60   29.51   45.06    0.17    0.21   -0.96 1 0 1 0 2   -1   -1   -1
 92   419   C.3   50.54   30.65   43.34  1.94  -0.01  -0.0462   N    0.00    0.00    0.00    0.00    0.00    0.00 0 0 0 0 0   -1   -1   -1
 93   420  C.ar   49.20   30.09   42.99  1.90  -0.03  -0.0266   N    0.00    0.00    0.00    0.00    0.00    0.00 0 0 0 0 0   -1   -1   -1
 94   421  N.ar   48.95   28.74   42.92  1.87   0.14  -0.3811   P   49.64   28.02   43.01    0.00    0.00    0.00 1 1 1 1 1   -1   -1   93
 95   423  C.ar   47.66   28.54   42.71  1.90  -0.31   0.2057   N    0.00    0.00    0.00    0.00    0.00    0.00 0 0 0 0 0   -1   -1   -1
 96   432  N.am   52.52   32.43   45.49  1.83  -0.10  -0.4157   P   51.84   33.16   45.52    0.00    0.00    0.00 0 1 0 0 1   -1   -1   -1
 97   433   C.3   53.92   32.71   45.80  1.94  -0.31   0.0213   N    0.00    0.00    0.00    0.00    0.00    0.00 0 0 0 0 0   -1   -1   -1
 98   434   C.2   54.31   32.14   47.17  1.90  -0.03   0.5973   N    0.00    0.00    0.00    0.00    0.00    0.00 0 0 0 0 0   -1   -1   -1
 99   435   O.2   53.55   32.23   48.13  1.66  -0.40  -0.5679   P   52.94   32.30   48.92   -0.39   -0.89   -0.22 2 0 2 0 2   -1   -1   -1
100   436   C.3   54.17   34.21   45.77  1.94   0.36  -0.1231   N    0.00    0.00    0.00    0.00    0.00    0.00 0 0 0 0 0   -1   -1   -1
101   437   S.3   53.92   34.93   44.13  2.09   0.42  -0.3119   N    0.00    0.00    0.00    0.00    0.00    0.00 0 0 0 0 3   -1   -1   -1
102   444  N.am   55.51   31.58   47.25  1.83  -0.10  -0.4157   P   56.12   31.59   46.45    0.00    0.00    0.00 0 1 0 1 1   -1   -1   -1
103   445   C.3   55.96   30.98   48.49  1.94  -0.30  -0.0252   N    0.00    0.00    0.00    0.00    0.00    0.00 0 0 0 0 0   -1   -1   -1
104   446   C.2   55.60   29.48   48.47  1.90  -0.03   0.5973   N    0.00    0.00    0.00    0.00    0.00    0.00 0 0 0 0 0   -1   -1   -1
105   447   O.2   55.06   28.98   47.49  1.66  -0.40  -0.5679   P   54.61   28.56   46.69    0.90   -0.22   -0.39 1 0 1 0 2   -1   -1   -1
106   451  N.am   55.89   28.76   49.54  1.83  -0.10  -0.4157   P   56.30   29.20   50.34    0.00    0.00    0.00 0 1 0 1 1   -1   -1   -1
107   452   C.3   55.59   27.34   49.56  1.94  -0.31  -0.0875   N    0.00    0.00    0.00    0.00    0.00    0.00 0 0 0 0 0   -1   -1   -1
108   453   C.2   54.08   27.14   49.53  1.90  -0.03   0.5973   N    0.00    0.00    0.00    0.00    0.00    0.00 0 0 0 0 0   -1   -1   -1
109   454   O.2   53.38   27.65   50.39  1.66  -0.40  -0.5679   P   52.80   28.07   51.09   -0.10    0.82   -0.57 2 0 2 0 2   -1   -1   -1
110   455   C.3   56.17   26.69   50.83  1.94   0.13   0.2985   N    0.00    0.00    0.00    0.00    0.00    0.00 0 0 0 0 0   -1   -1   -1
111   456   C.3   55.72   25.20   50.92  1.94   0.53  -0.3192   N    0.00    0.00    0.00    0.00    0.00    0.00 0 0 0 0 0   -1   -1   -1
112   457   C.3   57.69   26.79   50.82  1.94   0.53  -0.3192   N    0.00    0.00    0.00    0.00    0.00    0.00 0 0 0 0 0   -1   -1   -1
113   467  N.am   53.59   26.39   48.54  1.83  -0.10  -0.4157   P   54.21   25.99   47.87    0.00    0.00    0.00 0 1 0 1 1   -1   -1   -1
114   468   C.3   52.16   26.16   48.43  1.94  -0.30  -0.0252   N    0.00    0.00    0.00    0.00    0.00    0.00 0 0 0 0 0   -1   -1   -1
115   469   C.2   51.47   26.95   47.32  1.90  -0.03   0.5973   N    0.00    0.00    0.00    0.00    0.00    0.00 0 0 0 0 0   -1   -1   -1
116   470   O.2   52.11   27.69   46.58  1.66  -0.40  -0.5679   P   52.63   28.30   45.98    0.15   -0.76   -0.63 1 0 1 0 2   -1   -1   -1
117   474  N.am   50.16   26.79   47.20  1.83  -0.10  -0.4157   P   49.67   26.17   47.82    0.00    0.00    0.00 0 1 0 1 1   -1   -1   -1
118   475   C.3   49.44   27.50   46.17  1.94  -0.30  -0.0252   N    0.00    0.00    0.00    0.00    0.00    0.00 0 0 0 0 0   -1   -1   -1
119   476   C.2   48.08   26.88   45.88  1.90  -0.03   0.5973   N    0.00    0.00    0.00    0.00    0.00    0.00 0 0 0 0 0   -1   -1   -1
120   477   O.2   48.00   25.72   45.48  1.66  -0.40  -0.5679   P   47.93   24.77   45.15   -0.05   -0.33    0.94 2 0 2 0 2   -1   -1   -1
121   633   C.2   54.83   33.04   38.72  1.90  -0.03   0.5973   N    0.00    0.00    0.00    0.00    0.00    0.00 0 0 0 0 0   -1   -1   -1
122   634   O.2   55.53   32.11   38.40  1.66  -0.40  -0.5679   P   56.10   31.34   38.14    0.80    0.48    0.36 2 0 1 0 2   -1   -1   -1
123   643  N.am   54.25   33.11   39.91  1.83  -0.10  -0.4157   P   53.66   33.88   40.14    0.00    0.00    0.00 0 1 0 0 1   -1   -1   -1
124   644   C.3   54.47   32.04   40.88  1.94  -0.31   0.0213   N    0.00    0.00    0.00    0.00    0.00    0.00 0 0 0 0 0   -1   -1   -1
125   645   C.2   53.87   30.71   40.50  1.90  -0.03   0.5973   N    0.00    0.00    0.00    0.00    0.00    0.00 0 0 0 0 0   -1   -1   -1
126   646   O.2   54.41   29.67   40.87  1.66  -0.40  -0.5679   P   54.86   28.82   41.17   -0.54    0.01    0.84 2 0 1 0 2   -1   -1   -1
127   647   C.3   53.99   32.49   42.25  1.94   0.36  -0.1231   N    0.00    0.00    0.00    0.00    0.00    0.00 0 0 0 0 0   -1   -1   -1
128   648   S.3   55.06   33.80   42.88  2.09   0.42  -0.3119   N    0.00    0.00    0.00    0.00    0.00    0.00 0 0 0 0 3   -1   -1   -1
129   655  N.am   52.74   30.74   39.77  1.83  -0.10  -0.4157   P   52.34   31.62   39.53    0.00    0.00    0.00 0 1 0 0 1   -1   -1   -1
130   656   C.3   52.09   29.49   39.33  1.94  -0.31  -0.0875   N    0.00    0.00    0.00    0.00    0.00    0.00 0 0 0 0 0   -1   -1   -1
131   658   O.2   53.28   27.62   38.37  1.66  -0.40  -0.5679   P   53.49   26.64   38.41   -0.78   -0.19   -0.60 2 0 1 0 2   -1   -1   -1
132   673   C.2   55.66   28.53   37.01  1.90  -0.03   0.5973   N    0.00    0.00    0.00    0.00    0.00    0.00 0 0 0 0 0   -1   -1   -1
133   685  N.am   56.22   29.24   37.98  1.83  -0.10  -0.4157   P   55.82   30.12   38.24    0.00    0.00    0.00 0 1 0 0 1   -1   -1   -1
134   686   C.3   57.41   28.76   38.69  1.94  -0.31   0.0188   N    0.00    0.00    0.00    0.00    0.00    0.00 0 0 0 0 0   -1   -1   -1
135   687   C.2   57.14   27.46   39.46  1.90  -0.03   0.5973   N    0.00    0.00    0.00    0.00    0.00    0.00 0 0 0 0 0   -1   -1   -1
136   688   O.2   57.94   26.53   39.44  1.66  -0.40  -0.5679   P   58.60   25.78   39.42    0.46    0.38    0.80 2 0 1 0 2   -1   -1   -1
137   689   C.3   57.90   29.85   39.63  1.94  -0.01  -0.0462   N    0.00    0.00    0.00    0.00    0.00    0.00 0 0 0 0 0   -1   -1   -1
138   690  C.ar   59.29   29.62   40.13  1.90  -0.03  -0.0266   N    0.00    0.00    0.00    0.00    0.00    0.00 0 0 0 0 0   -1   -1   -1
139   691  N.ar   59.57   29.43   41.46  1.87   0.14  -0.3811   P   58.90   29.41   42.20    0.00    0.00    0.00 1 1 1 1 1  141   -1  138
140   692  C.ar   60.47   29.57   39.48  1.90  -0.31   0.1292   N    0.00    0.00    0.00    0.00    0.00    0.00 0 0 0 0 0   -1   -1   -1
141   693  C.ar   60.88   29.26   41.61  1.90  -0.31   0.2057   N    0.00    0.00    0.00    0.00    0.00    0.00 0 0 0 0 0   -1   -1   -1
142   694  N.ar   61.44   29.34   40.42  1.87   0.14  -0.5727   P   62.42   29.25   40.24    0.00    0.00    0.00 1 1 0 0 1  138   -1  141
143   702  N.am   56.00   27.37   40.15  1.83  -0.10  -0.5163   P   55.37   28.15   40.17    0.00    0.00    0.00 0 1 0 0 1   -1   -1   -1
144   703   C.3   55.68   26.14   40.86  1.94  -0.31   0.0381   N    0.00    0.00    0.00    0.00    0.00    0.00 0 0 0 0 0   -1   -1   -1
145   704   C.2   55.67   24.98   39.86  1.90  -0.03   0.5366   N    0.00    0.00    0.00    0.00    0.00    0.00 0 0 0 0 0   -1   -1   -1
146   705   O.2   56.19   23.90   40.14  1.66  -0.40  -0.5819   P   56.62   23.02   40.38   -0.87   -0.32    0.38 2 0 1 0 2   -1   -1   -1
147   706   C.3   54.29   26.22   41.52  1.94   0.01  -0.0303   N    0.00    0.00    0.00    0.00    0.00    0.00 0 0 0 0 0   -1   -1   -1
148   707   C.2   54.29   27.06   42.79  1.90  -0.03   0.7994   N    0.00    0.00    0.00    0.00    0.00    0.00 0 0 0 0 0   -1   -1   -1
149   708 O.co2   53.19   27.39   43.30  1.66  -0.88  -0.8014   P   52.32   27.66   43.71    0.00   -0.84    0.55 1 0 1 0 2   -1   -1   -1
150   709 O.co2   55.38   27.39   43.29  1.66  -0.88  -0.8014   P   56.26   27.65   43.69   -0.00    0.84   -0.55 1 0 1 0 2   -1   -1   -1
151   714  N.am   55.07   25.21   38.69  1.83  -0.10  -0.4157   P   54.67   26.11   38.52    0.00    0.00    0.00 0 1 0 0 1   -1   -1   -1
152   715   C.3   54.97   24.18   37.64  1.94  -0.31   0.0213   N    0.00    0.00    0.00    0.00    0.00    0.00 0 0 0 0 0   -1   -1   -1
153   716   C.2   56.35   23.82   37.12  1.90  -0.03   0.5973   N    0.00    0.00    0.00    0.00    0.00    0.00 0 0 0 0 0   -1   -1   -1
154   717   O.2   56.60   22.67   36.79  1.66  -0.40  -0.5679   P   56.81   21.73   36.51   -0.31    0.20   -0.93 2 0 1 0 2   -1   -1   -1
155   726  N.am   57.24   24.81   37.04  1.83  -0.10  -0.4157   P   56.95   25.74   37.29    0.00    0.00    0.00 0 1 0 0 1   -1   -1   -1
156   728   C.2   59.31   23.66   37.60  1.90  -0.03   0.5973   N    0.00    0.00    0.00    0.00    0.00    0.00 0 0 0 0 0   -1   -1   -1
157   729   O.2   60.04   22.75   37.21  1.66  -0.40  -0.5679   P   60.63   22.01   36.89    0.79    0.62    0.03 2 0 1 0 2   -1   -1   -1
158   738  N.am   59.09   23.88   38.88  1.83  -0.10  -0.4157   P   58.49   24.63   39.16    0.00    0.00    0.00 0 1 0 0 1   -1   -1   -1
159   739   C.3   59.72   23.04   39.90  1.94  -0.31  -0.0014   N    0.00    0.00    0.00    0.00    0.00    0.00 0 0 0 0 0   -1   -1   -1
160   740   C.2   59.12   21.62   39.89  1.90  -0.03   0.5973   N    0.00    0.00    0.00    0.00    0.00    0.00 0 0 0 0 0   -1   -1   -1
161   741   O.2   59.83   20.64   40.07  1.66  -0.40  -0.5679   P   60.41   19.84   40.22   -0.17    0.06    0.98 2 0 1 0 2   -1   -1   -1
162   742   C.3   59.57   23.68   41.29  1.94  -0.01  -0.0152   N    0.00    0.00    0.00    0.00    0.00    0.00 0 0 0 0 0   -1   -1   -1
163   743  C.ar   60.65   24.70   41.64  1.85   0.30  -0.0011   N    0.00    0.00    0.00    0.00    0.00    0.00 0 0 0 0 0   -1   -1   -1
164   744  C.ar   61.40   25.33   40.65  1.85   0.34  -0.1906   N    0.00    0.00    0.00    0.00    0.00    0.00 0 0 0 0 0   -1   -1   -1
165   745  C.ar   60.90   25.03   42.97  1.85   0.34  -0.1906   N    0.00    0.00    0.00    0.00    0.00    0.00 0 0 0 0 0   -1   -1   -1
166   746  C.ar   62.37   26.27   40.97  1.85   0.34  -0.2341   N    0.00    0.00    0.00    0.00    0.00    0.00 0 0 0 0 0   -1   -1   -1
167   747  C.ar   61.88   25.97   43.30  1.85   0.34  -0.2341   N    0.00    0.00    0.00    0.00    0.00    0.00 0 0 0 0 0   -1   -1   -1
168   748  C.ar   62.60   26.58   42.30  1.85  -0.15   0.3226   N    0.00    0.00    0.00    0.00    0.00    0.00 0 0 0 0 0   -1   -1   -1
169   749   O.3   63.53   27.54   42.61  1.74   0.08  -0.5579   P   64.20   28.24   42.84    0.64   -0.41   -0.64 2 1 2 0 3   -1   -1   -1
170   759  N.am   57.81   21.51   39.67  1.83  -0.10  -0.3479   P   57.25   22.33   39.54    0.00    0.00    0.00 0 1 0 0 1   -1   -1   -1
171   760   C.3   57.19   20.19   39.64  1.94  -0.31  -0.2400   N    0.00    0.00    0.00    0.00    0.00    0.00 0 0 0 0 0   -1   -1   -1
172   761   C.2   57.83   19.38   38.52  1.90  -0.03   0.7341   N    0.00    0.00    0.00    0.00    0.00    0.00 0 0 0 0 0   -1   -1   -1
173   762   O.2   58.21   18.24   38.72  1.66  -0.40  -0.5894   P   58.51   17.30   38.89   -0.90   -0.34   -0.28 2 0 1 0 2   -1   -1   -1
174   763   C.3   55.68   20.30   39.40  1.94   0.36  -0.0094   N    0.00    0.00    0.00    0.00    0.00    0.00 0 0 0 0 0   -1   -1   -1
175   764   C.3   54.87   20.43   40.68  1.94   0.36   0.0187   N    0.00    0.00    0.00    0.00    0.00    0.00 0 0 0 0 0   -1   -1   -1
176   765   C.3   53.63   21.29   40.45  1.94   0.36  -0.0479   N    0.00    0.00    0.00    0.00    0.00    0.00 0 0 0 0 0   -1   -1   -1
177   766   C.3   53.03   21.79   41.76  1.94  -0.14  -0.0143   N    0.00    0.00    0.00    0.00    0.00    0.00 0 0 0 0 0   -1   -1   -1
178   767   N.4   53.42   20.99   42.96  1.86  -2.00  -0.3854   P   53.68   20.45   43.76   -0.58    0.58    0.58 0 3 0 3 3   -1   -1   -1
179   781  N.am   57.97   20.00   37.34  1.83  -0.10  -0.3479   P   57.64   20.94   37.25    0.00    0.00    0.00 0 1 0 0 1   -1   -1   -1
180   828   C.3   60.07   17.42   41.39  1.94   0.36   0.0560   N    0.00    0.00    0.00    0.00    0.00    0.00 0 0 0 0 0   -1   -1   -1
181   829   C.3   60.63   17.83   42.74  1.94  -0.01   0.0136   N    0.00    0.00    0.00    0.00    0.00    0.00 0 0 0 0 0   -1   -1   -1
182   830   C.2   59.67   18.67   43.53  1.90  -0.03   0.8054   N    0.00    0.00    0.00    0.00    0.00    0.00 0 0 0 0 0   -1   -1   -1
183   831 O.co2   58.44   18.49   43.38  1.66  -0.88  -0.8188   P   57.46   18.34   43.27    0.02   -0.67    0.74 2 0 2 0 2   -1   -1   -1
184   832 O.co2   60.15   19.52   44.29  1.66  -0.88  -0.8188   P   60.54   20.21   44.90   -0.02    0.67   -0.74 2 0 1 0 2   -1   -1   -1
185   911  N.am   65.61   20.90   43.76  1.83  -0.10  -0.4157   P   65.52   20.50   44.67    0.00    0.00    0.00 0 1 0 1 1   -1   -1   -1
186   912   C.3   65.14   22.26   43.53  1.94  -0.31  -0.0389   N    0.00    0.00    0.00    0.00    0.00    0.00 0 0 0 0 0   -1   -1   -1
187   913   C.2   65.57   23.20   44.65  1.90  -0.03   0.5973   N    0.00    0.00    0.00    0.00    0.00    0.00 0 0 0 0 0   -1   -1   -1
188   915   C.3   63.59   22.34   43.39  1.94  -0.20   0.3654   N    0.00    0.00    0.00    0.00    0.00    0.00 0 0 0 0 0   -1   -1   -1
189   916   O.3   62.97   21.60   44.45  1.74  -0.47  -0.6761   P   62.54   21.09   45.19   -0.37    0.85    0.37 2 1 1 0 3   -1   -1   -1
190   917   C.3   63.13   21.76   42.05  1.94   0.53  -0.2438   N    0.00    0.00    0.00    0.00    0.00    0.00 0 0 0 0 0   -1   -1   -1
191   925  N.am   64.83   23.17   45.75  1.83  -0.10  -0.3479   P   64.07   22.53   45.81    0.00    0.00    0.00 0 1 0 0 1   -1   -1   -1
192   926   C.3   65.11   24.05   46.88  1.94  -0.31  -0.2400   N    0.00    0.00    0.00    0.00    0.00    0.00 0 0 0 0 0   -1   -1   -1
193   927   C.2   66.52   24.03   47.43  1.90  -0.03   0.7341   N    0.00    0.00    0.00    0.00    0.00    0.00 0 0 0 0 0   -1   -1   -1
194   928   O.2   67.01   25.06   47.89  1.66  -0.40  -0.5894   P   67.41   25.90   48.27   -0.35   -0.24    0.90 2 0 1 0 2   -1   -1   -1
195   929   C.3   64.14   23.74   48.04  1.94   0.36  -0.0094   N    0.00    0.00    0.00    0.00    0.00    0.00 0 0 0 0 0   -1   -1   -1
196   930   C.3   62.69   24.01   47.73  1.94   0.36   0.0187   N    0.00    0.00    0.00    0.00    0.00    0.00 0 0 0 0 0   -1   -1   -1
197   931   C.3   61.88   23.80   49.01  1.94   0.36  -0.0479   N    0.00    0.00    0.00    0.00    0.00    0.00 0 0 0 0 0   -1   -1   -1
198   932   C.3   60.39   23.64   48.74  1.94  -0.14  -0.0143   N    0.00    0.00    0.00    0.00    0.00    0.00 0 0 0 0 0   -1   -1   -1
199   933   N.4   60.11   22.39   48.02  1.86  -2.00  -0.3854   P   59.92   21.54   47.54   -0.69   -0.24    0.69 0 3 0 3 3   -1   -1   -1
200   947  N.am   67.18   22.87   47.38  1.83  -0.10  -0.4157   P   66.74   22.07   46.97    0.00    0.00    0.00 0 1 0 1 1   -1   -1   -1
201   952  C.ar   67.45   21.83   50.02  1.85   0.30   0.0118   N    0.00    0.00    0.00    0.00    0.00    0.00 0 0 0 0 0   -1   -1   -1
202   953  C.ar   67.46   22.85   50.97  1.85   0.34  -0.1256   N    0.00    0.00    0.00    0.00    0.00    0.00 0 0 0 0 0   -1   -1   -1
203   954  C.ar   66.40   20.93   50.02  1.85   0.34  -0.1256   N    0.00    0.00    0.00    0.00    0.00    0.00 0 0 0 0 0   -1   -1   -1
204   955  C.ar   66.42   22.96   51.90  1.85   0.34  -0.1704   N    0.00    0.00    0.00    0.00    0.00    0.00 0 0 0 0 0   -1   -1   -1
205   956  C.ar   65.36   21.03   50.94  1.85   0.34  -0.1704   N    0.00    0.00    0.00    0.00    0.00    0.00 0 0 0 0 0   -1   -1   -1
206   957  C.ar   65.37   22.05   51.88  1.85   0.34  -0.1072   N    0.00    0.00    0.00    0.00    0.00    0.00 0 0 0 0 0   -1   -1   -1
207  1384 O.co2   64.24   28.98   40.60  1.66  -0.88  -0.8014   P   63.39   28.45   40.58    0.46   -0.71   -0.54 2 0 0 0 2   -1   -1   -1
208  1422   C.3   60.30   33.92   37.44  1.94  -0.31   0.0337   N    0.00    0.00    0.00    0.00    0.00    0.00 0 0 0 0 0   -1   -1   -1
209  1425   C.3   60.13   32.97   38.63  1.94   0.53  -0.1825   N    0.00    0.00    0.00    0.00    0.00    0.00 0 0 0 0 0   -1   -1   -1
210  1472  C.ar   58.57   38.03   40.64  1.85   0.30   0.0118   N    0.00    0.00    0.00    0.00    0.00    0.00 0 0 0 0 0   -1   -1   -1
211  1473  C.ar   57.25   37.59   40.57  1.85   0.34  -0.1256   N    0.00    0.00    0.00    0.00    0.00    0.00 0 0 0 0 0   -1   -1   -1
212  1474  C.ar   59.46   37.32   41.44  1.85   0.34  -0.1256   N    0.00    0.00    0.00    0.00    0.00    0.00 0 0 0 0 0   -1   -1   -1
213  1475  C.ar   56.83   36.47   41.28  1.85   0.34  -0.1704   N    0.00    0.00    0.00    0.00    0.00    0.00 0 0 0 0 0   -1   -1   -1
214  1476  C.ar   59.05   36.19   42.16  1.85   0.34  -0.1704   N    0.00    0.00    0.00    0.00    0.00    0.00 0 0 0 0 0   -1   -1   -1
215  1477  C.ar   57.72   35.77   42.08  1.85   0.34  -0.1072   N    0.00    0.00    0.00    0.00    0.00    0.00 0 0 0 0 0   -1   -1   -1
216  1919   S.3   51.83   22.88   37.19  2.09   0.42  -0.3119   N    0.00    0.00    0.00    0.00    0.00    0.00 0 0 0 0 3   -1   -1   -1
217  1929    Ca   54.17   28.26   45.37  1.20  -2.00   2.0000   M    0.00    0.00    0.00    0.00    0.00    0.00 6 1 1 1 0   -1   -1   -1
<End>
