#
# This file is create by LigBuilder/Cavity.
# It stores the parameters for the pocket atoms.
# Creation time: Sun Mar  4 14:32:00 2012
#
# 1st column: ID of the atom
# 2nd column: ID of the atom in the original PDB file
# 3rd column: atom type
# 4th column: X coordinate
# 5th column: Y coordinate
# 6th column: Z coordinate
# 7th column: vdw radius
# 8th column: atomic hydrophobic scale
# 9th column: H-bond character
# 10th column: H-bond root X coordinate
# 11th column: H-bond root Y coordinate
# 12th column: H-bond root Z coordinate
#
<Start>
<Atom_number> 122
  1   422  C.ar   48.00   30.71   42.80  1.90  -0.31   0.1292   N    0.00    0.00    0.00    0.00    0.00    0.00 0 0 0 0 0   -1   -1   -1
  2   424  N.ar   47.06   29.72   42.63  1.87   0.14  -0.5727   P   46.09   29.87   42.48    0.00    0.00    0.00 1 1 0 0 1   -1   -1    1
  3   506   C.3   42.73   28.74   44.10  1.94  -0.30  -0.0252   N    0.00    0.00    0.00    0.00    0.00    0.00 0 0 0 0 0   -1   -1   -1
  4   507   C.2   43.25   29.53   42.93  1.90  -0.03   0.5973   N    0.00    0.00    0.00    0.00    0.00    0.00 0 0 0 0 0   -1   -1   -1
  5   508   O.2   44.34   29.26   42.42  1.66  -0.40  -0.5679   P   45.22   29.04   42.01   -0.45   -0.63   -0.63 2 0 1 0 2   -1   -1   -1
  6   512  N.am   42.47   30.51   42.51  1.83  -0.10  -0.4157   P   41.60   30.67   42.97    0.00    0.00    0.00 0 1 0 0 1   -1   -1   -1
  7   513   C.3   42.83   31.36   41.39  1.94  -0.31  -0.0249   N    0.00    0.00    0.00    0.00    0.00    0.00 0 0 0 0 0   -1   -1   -1
  8   514   C.2   43.90   32.41   41.70  1.90  -0.03   0.5973   N    0.00    0.00    0.00    0.00    0.00    0.00 0 0 0 0 0   -1   -1   -1
  9   515   O.2   43.84   33.10   42.73  1.66  -0.40  -0.5679   P   43.79   33.65   43.57    0.51   -0.70    0.50 2 0 2 0 2   -1   -1   -1
 10   516   C.3   41.59   32.09   40.87  1.94  -0.14   0.2117   N    0.00    0.00    0.00    0.00    0.00    0.00 0 0 0 0 0   -1   -1   -1
 11   517   O.3   40.46   31.25   40.93  1.74  -0.47  -0.6546   P   39.66   30.65   40.98   -0.50    0.71    0.50 2 1 2 1 3   -1   -1   -1
 12   523  N.am   44.91   32.53   40.83  1.83   0.08  -0.2548   N    0.00    0.00    0.00    0.00    0.00    0.00 0 0 0 0 0   -1   -1   -1
 13   524   C.3   45.97   33.53   41.04  1.94  -0.31  -0.0266   N    0.00    0.00    0.00    0.00    0.00    0.00 0 0 0 0 0   -1   -1   -1
 14   525   C.2   45.30   34.90   41.11  1.90  -0.03   0.5896   N    0.00    0.00    0.00    0.00    0.00    0.00 0 0 0 0 0   -1   -1   -1
 15   526   O.2   44.30   35.13   40.44  1.66  -0.40  -0.5748   P   43.49   35.33   39.89   -0.58   -0.29    0.76 2 0 2 0 2   -1   -1   -1
 16   527   C.3   46.87   33.41   39.82  1.94   0.36  -0.0070   N    0.00    0.00    0.00    0.00    0.00    0.00 0 0 0 0 0   -1   -1   -1
 17   528   C.3   46.32   32.33   38.98  1.94   0.36   0.0189   N    0.00    0.00    0.00    0.00    0.00    0.00 0 0 0 0 0   -1   -1   -1
 18   529   C.3   45.15   31.68   39.65  1.94  -0.14   0.0192   N    0.00    0.00    0.00    0.00    0.00    0.00 0 0 0 0 0   -1   -1   -1
 19   537  N.am   45.86   35.81   41.89  1.83  -0.10  -0.3479   P   46.70   35.59   42.37    0.00    0.00    0.00 0 1 0 0 1   -1   -1   -1
 20   538   C.3   45.25   37.12   42.04  1.94  -0.31  -0.2400   N    0.00    0.00    0.00    0.00    0.00    0.00 0 0 0 0 0   -1   -1   -1
 21   539   C.2   45.53   38.12   40.94  1.90  -0.03   0.7341   N    0.00    0.00    0.00    0.00    0.00    0.00 0 0 0 0 0   -1   -1   -1
 22   540   O.2   44.69   38.95   40.61  1.66  -0.40  -0.5894   P   44.00   39.63   40.35    0.37    0.64    0.68 2 0 2 0 2   -1   -1   -1
 23   559  N.am   46.73   38.03   40.37  1.83  -0.10  -0.5163   P   47.37   37.33   40.67    0.00    0.00    0.00 0 1 0 1 1   -1   -1   -1
 24   560   C.3   47.12   38.95   39.32  1.94  -0.31   0.0381   N    0.00    0.00    0.00    0.00    0.00    0.00 0 0 0 0 0   -1   -1   -1
 25   561   C.2   48.29   38.35   38.56  1.90  -0.03   0.5366   N    0.00    0.00    0.00    0.00    0.00    0.00 0 0 0 0 0   -1   -1   -1
 26   562   O.2   48.59   37.17   38.72  1.66  -0.40  -0.5819   P   48.84   36.21   38.85   -0.62   -0.26   -0.74 2 0 1 0 2   -1   -1   -1
 27   574   O.2   51.88   37.19   37.49  1.66  -0.40  -0.5679   P   52.39   36.36   37.25    0.62    0.54   -0.56 2 0 1 0 2   -1   -1   -1
 28   597   C.2   50.97   34.58   40.33  1.90  -0.03   0.5366   N    0.00    0.00    0.00    0.00    0.00    0.00 0 0 0 0 0   -1   -1   -1
 29   598   O.2   51.36   33.46   40.66  1.66  -0.40  -0.5819   P   51.67   32.55   40.93   -0.95   -0.28    0.16 2 0 1 0 2   -1   -1   -1
 30   607  N.am   50.65   34.91   39.07  1.83  -0.10  -0.3479   P   50.33   35.84   38.89    0.00    0.00    0.00 0 1 0 0 1   -1   -1   -1
 31   608   C.3   50.76   33.97   37.95  1.94  -0.31  -0.2637   N    0.00    0.00    0.00    0.00    0.00    0.00 0 0 0 0 0   -1   -1   -1
 32   609   C.2   52.21   33.57   37.71  1.90  -0.03   0.7341   N    0.00    0.00    0.00    0.00    0.00    0.00 0 0 0 0 0   -1   -1   -1
 33   610   O.2   52.50   32.46   37.30  1.66  -0.40  -0.5894   P   52.73   31.54   36.96   -0.11    0.32   -0.94 2 0 1 0 2   -1   -1   -1
 34   611   C.3   50.17   34.59   36.68  1.94   0.36  -0.0007   N    0.00    0.00    0.00    0.00    0.00    0.00 0 0 0 0 0   -1   -1   -1
 35   612   C.3   48.76   34.13   36.35  1.94   0.36   0.0390   N    0.00    0.00    0.00    0.00    0.00    0.00 0 0 0 0 0   -1   -1   -1
 36   613   C.3   48.17   34.93   35.18  1.94  -0.14   0.0486   N    0.00    0.00    0.00    0.00    0.00    0.00 0 0 0 0 0   -1   -1   -1
 37   614 N.pl3   46.89   35.54   35.54  1.83  -0.10  -0.5295   P   46.14   34.93   35.81    0.00    0.00    0.00 0 1 0 1 1   -1   -1   -1
 38   615 C.cat   46.65   36.85   35.52  1.90   0.00   0.8076   N    0.00    0.00    0.00    0.00    0.00    0.00 0 0 0 0 0   -1   -1   -1
 39   616 N.pl3   45.45   37.30   35.86  1.83  -0.65  -0.8627   P   44.54   37.64   36.12    0.30    0.08    0.95 0 2 0 2 2   -1   -1   -1
 40   617 N.pl3   47.58   37.71   35.15  1.83  -0.65  -0.8627   P   48.29   38.36   34.88   -0.30   -0.08   -0.95 0 2 0 2 2   -1   -1   -1
 41   631  N.am   53.14   34.50   37.91  1.83  -0.10  -0.4157   P   52.86   35.43   38.18    0.00    0.00    0.00 0 1 0 0 1   -1   -1   -1
 42   632   C.3   54.56   34.19   37.76  1.94  -0.31   0.0213   N    0.00    0.00    0.00    0.00    0.00    0.00 0 0 0 0 0   -1   -1   -1
 43   633   C.2   54.83   33.04   38.72  1.90  -0.03   0.5973   N    0.00    0.00    0.00    0.00    0.00    0.00 0 0 0 0 0   -1   -1   -1
 44   634   O.2   55.53   32.11   38.40  1.66  -0.40  -0.5679   P   56.10   31.34   38.14    0.80    0.48    0.36 2 0 1 0 2   -1   -1   -1
 45   645   C.2   53.87   30.71   40.50  1.90  -0.03   0.5973   N    0.00    0.00    0.00    0.00    0.00    0.00 0 0 0 0 0   -1   -1   -1
 46   655  N.am   52.74   30.74   39.77  1.83  -0.10  -0.4157   P   52.34   31.62   39.53    0.00    0.00    0.00 0 1 0 0 1   -1   -1   -1
 47   656   C.3   52.09   29.49   39.33  1.94  -0.31  -0.0875   N    0.00    0.00    0.00    0.00    0.00    0.00 0 0 0 0 0   -1   -1   -1
 48   657   C.2   53.01   28.82   38.32  1.90  -0.03   0.5973   N    0.00    0.00    0.00    0.00    0.00    0.00 0 0 0 0 0   -1   -1   -1
 49   658   O.2   53.28   27.62   38.37  1.66  -0.40  -0.5679   P   53.49   26.64   38.41   -0.78   -0.19   -0.60 2 0 1 0 2   -1   -1   -1
 50   659   C.3   50.71   29.75   38.63  1.94   0.13   0.2985   N    0.00    0.00    0.00    0.00    0.00    0.00 0 0 0 0 0   -1   -1   -1
 51   660   C.3   50.17   28.46   38.03  1.94   0.53  -0.3192   N    0.00    0.00    0.00    0.00    0.00    0.00 0 0 0 0 0   -1   -1   -1
 52   661   C.3   49.70   30.30   39.62  1.94   0.53  -0.3192   N    0.00    0.00    0.00    0.00    0.00    0.00 0 0 0 0 0   -1   -1   -1
 53   671  N.am   53.52   29.62   37.40  1.83  -0.10  -0.4157   P   53.28   30.60   37.41    0.00    0.00    0.00 0 1 0 0 1   -1   -1   -1
 54   672   C.3   54.42   29.12   36.37  1.94  -0.31  -0.0389   N    0.00    0.00    0.00    0.00    0.00    0.00 0 0 0 0 0   -1   -1   -1
 55   673   C.2   55.66   28.53   37.01  1.90  -0.03   0.5973   N    0.00    0.00    0.00    0.00    0.00    0.00 0 0 0 0 0   -1   -1   -1
 56   674   O.2   56.11   27.43   36.63  1.66  -0.40  -0.5679   P   56.47   26.55   36.32    0.57    0.47   -0.67 2 0 1 0 2   -1   -1   -1
 57   675   C.3   54.81   30.27   35.44  1.94  -0.20   0.3654   N    0.00    0.00    0.00    0.00    0.00    0.00 0 0 0 0 0   -1   -1   -1
 58   676   O.3   53.62   30.82   34.87  1.74  -0.47  -0.6761   P   52.79   31.21   34.48    0.55    0.63   -0.55 2 1 2 1 3   -1   -1   -1
 59   677   C.3   55.76   29.80   34.32  1.94   0.53  -0.2438   N    0.00    0.00    0.00    0.00    0.00    0.00 0 0 0 0 0   -1   -1   -1
 60   685  N.am   56.22   29.24   37.98  1.83  -0.10  -0.4157   P   55.82   30.12   38.24    0.00    0.00    0.00 0 1 0 0 1   -1   -1   -1
 61   686   C.3   57.41   28.76   38.69  1.94  -0.31   0.0188   N    0.00    0.00    0.00    0.00    0.00    0.00 0 0 0 0 0   -1   -1   -1
 62   687   C.2   57.14   27.46   39.46  1.90  -0.03   0.5973   N    0.00    0.00    0.00    0.00    0.00    0.00 0 0 0 0 0   -1   -1   -1
 63   688   O.2   57.94   26.53   39.44  1.66  -0.40  -0.5679   P   58.60   25.78   39.42    0.46    0.38    0.80 2 0 1 0 2   -1   -1   -1
 64   702  N.am   56.00   27.37   40.15  1.83  -0.10  -0.5163   P   55.37   28.15   40.17    0.00    0.00    0.00 0 1 0 0 1   -1   -1   -1
 65   704   C.2   55.67   24.98   39.86  1.90  -0.03   0.5366   N    0.00    0.00    0.00    0.00    0.00    0.00 0 0 0 0 0   -1   -1   -1
 66   714  N.am   55.07   25.21   38.69  1.83  -0.10  -0.4157   P   54.67   26.11   38.52    0.00    0.00    0.00 0 1 0 0 1   -1   -1   -1
 67   715   C.3   54.97   24.18   37.64  1.94  -0.31   0.0213   N    0.00    0.00    0.00    0.00    0.00    0.00 0 0 0 0 0   -1   -1   -1
 68   716   C.2   56.35   23.82   37.12  1.90  -0.03   0.5973   N    0.00    0.00    0.00    0.00    0.00    0.00 0 0 0 0 0   -1   -1   -1
 69   717   O.2   56.60   22.67   36.79  1.66  -0.40  -0.5679   P   56.81   21.73   36.51   -0.31    0.20   -0.93 2 0 1 0 2   -1   -1   -1
 70   718   C.3   54.09   24.67   36.49  1.94   0.36  -0.1231   N    0.00    0.00    0.00    0.00    0.00    0.00 0 0 0 0 0   -1   -1   -1
 71   719   S.3   52.32   24.80   36.90  2.09   0.42  -0.3119   N    0.00    0.00    0.00    0.00    0.00    0.00 0 0 0 0 3   -1   -1   -1
 72   726  N.am   57.24   24.81   37.04  1.83  -0.10  -0.4157   P   56.95   25.74   37.29    0.00    0.00    0.00 0 1 0 0 1   -1   -1   -1
 73   727   C.3   58.60   24.58   36.60  1.94  -0.31   0.0213   N    0.00    0.00    0.00    0.00    0.00    0.00 0 0 0 0 0   -1   -1   -1
 74   730   C.3   59.35   25.92   36.49  1.94   0.36  -0.1231   N    0.00    0.00    0.00    0.00    0.00    0.00 0 0 0 0 0   -1   -1   -1
 75   731   S.3   60.65   25.99   35.22  2.09   0.42  -0.3119   N    0.00    0.00    0.00    0.00    0.00    0.00 0 0 0 0 3   -1   -1   -1
 76   786   C.3   57.54   20.68   34.24  1.94   0.36   0.0390   N    0.00    0.00    0.00    0.00    0.00    0.00 0 0 0 0 0   -1   -1   -1
 77   787   C.3   57.92   20.95   32.77  1.94  -0.14   0.0486   N    0.00    0.00    0.00    0.00    0.00    0.00 0 0 0 0 0   -1   -1   -1
 78   788 N.pl3   58.48   22.28   32.56  1.83  -0.10  -0.5295   P   59.42   22.34   32.22    0.00    0.00    0.00 0 1 0 1 1   -1   -1   -1
 79   789 C.cat   57.83   23.42   32.78  1.90   0.00   0.8076   N    0.00    0.00    0.00    0.00    0.00    0.00 0 0 0 0 0   -1   -1   -1
 80   790 N.pl3   58.42   24.58   32.55  1.83  -0.65  -0.8627   P   58.87   25.46   32.37   -0.34   -0.01   -0.94 0 2 0 2 2   -1   -1   -1
 81   791 N.pl3   56.58   23.39   33.23  1.83  -0.65  -0.8627   P   55.64   23.37   33.57    0.34    0.01    0.94 0 2 0 2 2   -1   -1   -1
 82  1823   O.2   40.12   31.00   44.32  1.66  -0.40  -0.5894   P   40.72   31.65   43.86    0.71   -0.70   -0.05 2 0 1 0 2   -1   -1   -1
 83  1845   C.3   38.52   29.36   42.79  1.94  -0.30  -0.0252   N    0.00    0.00    0.00    0.00    0.00    0.00 0 0 0 0 0   -1   -1   -1
 84  1846   C.2   39.18   28.07   42.37  1.90  -0.03   0.5973   N    0.00    0.00    0.00    0.00    0.00    0.00 0 0 0 0 0   -1   -1   -1
 85  1847   O.2   39.68   27.31   43.20  1.66  -0.40  -0.5679   P   40.08   26.70   43.88   -0.88   -0.47    0.10 2 0 2 0 2   -1   -1   -1
 86  1851  N.am   39.18   27.78   41.07  1.83  -0.10  -0.4157   P   38.76   28.42   40.42    0.00    0.00    0.00 0 1 0 1 1   -1   -1   -1
 87  1852   C.3   39.80   26.56   40.59  1.94  -0.31  -0.0249   N    0.00    0.00    0.00    0.00    0.00    0.00 0 0 0 0 0   -1   -1   -1
 88  1853   C.2   41.30   26.76   40.58  1.90  -0.03   0.5973   N    0.00    0.00    0.00    0.00    0.00    0.00 0 0 0 0 0   -1   -1   -1
 89  1854   O.2   41.78   27.84   40.22  1.66  -0.40  -0.5679   P   42.17   28.71   39.93   -0.05    0.33    0.94 2 0 1 0 2   -1   -1   -1
 90  1855   C.3   39.31   26.24   39.18  1.94  -0.14   0.2117   N    0.00    0.00    0.00    0.00    0.00    0.00 0 0 0 0 0   -1   -1   -1
 91  1856   O.3   39.08   27.44   38.47  1.74  -0.47  -0.6546   P   38.91   28.30   37.97    0.68   -0.27   -0.68 2 1 2 0 3   -1   -1   -1
 92  1862  N.am   42.05   25.74   40.98  1.83  -0.10  -0.4157   P   41.61   24.89   41.29    0.00    0.00    0.00 0 1 0 1 1   -1   -1   -1
 93  1863   C.3   43.50   25.84   40.99  1.94  -0.31  -0.0389   N    0.00    0.00    0.00    0.00    0.00    0.00 0 0 0 0 0   -1   -1   -1
 94  1864   C.2   43.99   25.46   39.61  1.90  -0.03   0.5973   N    0.00    0.00    0.00    0.00    0.00    0.00 0 0 0 0 0   -1   -1   -1
 95  1865   O.2   43.72   24.36   39.13  1.66  -0.40  -0.5679   P   43.49   23.47   38.74   -0.80    0.39   -0.45 2 0 2 0 2   -1   -1   -1
 96  1866   C.3   44.11   24.88   41.98  1.94  -0.20   0.3654   N    0.00    0.00    0.00    0.00    0.00    0.00 0 0 0 0 0   -1   -1   -1
 97  1867   O.3   43.44   25.00   43.23  1.74  -0.47  -0.6761   P   42.97   25.08   44.11    0.06    1.00   -0.06 2 1 1 1 3   -1   -1   -1
 98  1876  N.am   44.77   26.34   38.97  1.83   0.08  -0.2548   N    0.00    0.00    0.00    0.00    0.00    0.00 0 0 0 0 0   -1   -1   -1
 99  1877   C.3   45.28   26.05   37.63  1.94  -0.31  -0.0266   N    0.00    0.00    0.00    0.00    0.00    0.00 0 0 0 0 0   -1   -1   -1
100  1878   C.2   46.25   24.88   37.62  1.90  -0.03   0.5896   N    0.00    0.00    0.00    0.00    0.00    0.00 0 0 0 0 0   -1   -1   -1
101  1879   O.2   46.99   24.67   38.58  1.66  -0.40  -0.5748   P   47.60   24.50   39.35   -0.71   -0.57    0.42 2 0 2 0 2   -1   -1   -1
102  1880   C.3   45.95   27.36   37.22  1.94   0.36  -0.0070   N    0.00    0.00    0.00    0.00    0.00    0.00 0 0 0 0 0   -1   -1   -1
103  1881   C.3   46.35   28.00   38.50  1.94   0.36   0.0189   N    0.00    0.00    0.00    0.00    0.00    0.00 0 0 0 0 0   -1   -1   -1
104  1882   C.3   45.28   27.62   39.49  1.94  -0.14   0.0192   N    0.00    0.00    0.00    0.00    0.00    0.00 0 0 0 0 0   -1   -1   -1
105  1890  N.am   46.22   24.11   36.54  1.83  -0.10  -0.3479   P   45.58   24.31   35.80    0.00    0.00    0.00 0 1 0 1 1   -1   -1   -1
106  1891   C.3   47.11   22.97   36.42  1.94  -0.31  -0.2637   N    0.00    0.00    0.00    0.00    0.00    0.00 0 0 0 0 0   -1   -1   -1
107  1892   C.2   48.29   23.34   35.54  1.90  -0.03   0.7341   N    0.00    0.00    0.00    0.00    0.00    0.00 0 0 0 0 0   -1   -1   -1
108  1893   O.2   48.27   24.39   34.89  1.66  -0.40  -0.5894   P   48.25   25.24   34.36    0.42    0.48    0.77 2 0 2 0 2   -1   -1   -1
109  1894   C.3   46.38   21.76   35.85  1.94   0.36  -0.0007   N    0.00    0.00    0.00    0.00    0.00    0.00 0 0 0 0 0   -1   -1   -1
110  1895   C.3   45.28   22.11   34.85  1.94   0.36   0.0390   N    0.00    0.00    0.00    0.00    0.00    0.00 0 0 0 0 0   -1   -1   -1
111  1896   C.3   45.34   21.19   33.63  1.94  -0.14   0.0486   N    0.00    0.00    0.00    0.00    0.00    0.00 0 0 0 0 0   -1   -1   -1
112  1897 N.pl3   44.37   21.55   32.60  1.83  -0.10  -0.5295   P   43.71   20.87   32.32    0.00    0.00    0.00 0 1 0 1 1   -1   -1   -1
113  1898 C.cat   44.33   22.75   32.02  1.90   0.00   0.8076   N    0.00    0.00    0.00    0.00    0.00    0.00 0 0 0 0 0   -1   -1   -1
114  1899 N.pl3   45.19   23.70   32.37  1.83  -0.65  -0.8627   P   45.84   24.41   32.63    0.63   -0.31   -0.71 0 2 0 2 2   -1   -1   -1
115  1900 N.pl3   43.41   23.01   31.10  1.83  -0.65  -0.8627   P   42.72   23.20   30.41   -0.63    0.31    0.71 0 2 0 2 2   -1   -1   -1
116  1914  N.am   49.31   22.50   35.51  1.83  -0.10  -0.4157   P   49.25   21.66   36.05    0.00    0.00    0.00 0 1 0 1 1   -1   -1   -1
117  1915   C.3   50.50   22.75   34.72  1.94  -0.31   0.0213   N    0.00    0.00    0.00    0.00    0.00    0.00 0 0 0 0 0   -1   -1   -1
118  1916   C.2   50.47   22.15   33.30  1.90  -0.03   0.5973   N    0.00    0.00    0.00    0.00    0.00    0.00 0 0 0 0 0   -1   -1   -1
119  1917   O.2   49.37   21.83   32.79  1.66  -0.40  -0.5679   P   48.49   21.58   32.38   -0.09    0.92   -0.38 2 0 2 0 2   -1   -1   -1
120  1918   C.3   51.72   22.23   35.49  1.94   0.36  -0.1231   N    0.00    0.00    0.00    0.00    0.00    0.00 0 0 0 0 0   -1   -1   -1
121  1919   S.3   51.83   22.88   37.19  2.09   0.42  -0.3119   N    0.00    0.00    0.00    0.00    0.00    0.00 0 0 0 0 3   -1   -1   -1
122  1921 O.co2   51.55   22.01   32.69  1.66  -0.40  -0.5679   P   52.42   21.90   32.20    0.09   -0.92    0.38 2 0 2 0 2   -1   -1   -1
<End>
